-0.030000	-0.040851
-0.029900	-0.013617
-0.029800	0.013617
-0.029700	-0.027234
-0.029600	-0.040851
-0.029500	-0.040851
-0.029400	-0.013617
-0.029300	0.013617
-0.029200	0.027234
-0.029100	0.000000
-0.029000	0.013617
-0.028900	0.013617
-0.028800	-0.054468
-0.028700	-0.027234
-0.028600	0.013617
-0.028500	0.027234
-0.028400	-0.040851
-0.028300	0.040851
-0.028200	0.040851
-0.028100	0.068085
-0.028000	0.000000
-0.027900	0.000000
-0.027800	-0.040851
-0.027700	0.054468
-0.027600	-0.040851
-0.027500	0.000000
-0.027400	0.040851
-0.027300	-0.013617
-0.027200	0.054468
-0.027100	0.027234
-0.027000	0.013617
-0.026900	0.000000
-0.026800	-0.027234
-0.026700	-0.027234
-0.026600	0.027234
-0.026500	0.040851
-0.026400	0.000000
-0.026300	-0.027234
-0.026200	0.000000
-0.026100	0.068085
-0.026000	0.027234
-0.025900	-0.027234
-0.025800	-0.040851
-0.025700	0.013617
-0.025600	0.000000
-0.025500	-0.040851
-0.025400	0.027234
-0.025300	0.040851
-0.025200	0.027234
-0.025100	-0.149787
-0.025000	-0.054468
-0.024900	0.027234
-0.024800	0.013617
-0.024700	0.013617
-0.024600	0.000000
-0.024500	0.000000
-0.024400	0.040851
-0.024300	-0.013617
-0.024200	-0.054468
-0.024100	-0.027234
-0.024000	0.054468
-0.023900	-0.013617
-0.023800	-0.027234
-0.023700	-0.027234
-0.023600	0.000000
-0.023500	0.013617
-0.023400	-0.013617
-0.023300	0.000000
-0.023200	-0.040851
-0.023100	0.000000
-0.023000	-0.013617
-0.022900	0.013617
-0.022800	0.013617
-0.022700	0.000000
-0.022600	-0.040851
-0.022500	-0.068085
-0.022400	-0.013617
-0.022300	0.095319
-0.022200	0.081702
-0.022100	0.040851
-0.022000	0.068085
-0.021900	0.054468
-0.021800	0.027234
-0.021700	0.054468
-0.021600	0.013617
-0.021500	0.054468
-0.021400	0.068085
-0.021300	0.013617
-0.021200	-0.013617
-0.021100	0.054468
-0.021000	0.068085
-0.020900	0.054468
-0.020800	0.027234
-0.020700	0.000000
-0.020600	0.013617
-0.020500	0.040851
-0.020400	0.068085
-0.020300	0.013617
-0.020200	0.000000
-0.020100	0.040851
-0.020000	-0.027234
-0.019900	0.000000
-0.019800	-0.013617
-0.019700	0.095319
-0.019600	0.068085
-0.019500	0.013617
-0.019400	-0.013617
-0.019300	-0.013617
-0.019200	0.027234
-0.019100	-0.013617
-0.019000	-0.013617
-0.018900	-0.054468
-0.018800	0.054468
-0.018700	-0.013617
-0.018600	0.013617
-0.018500	-0.013617
-0.018400	-0.040851
-0.018300	-0.027234
-0.018200	0.040851
-0.018100	0.013617
-0.018000	-0.027234
-0.017900	-0.054468
-0.017800	0.054468
-0.017700	0.000000
-0.017600	-0.013617
-0.017500	0.013617
-0.017400	0.040851
-0.017300	0.040851
-0.017200	0.013617
-0.017100	-0.013617
-0.017000	0.027234
-0.016900	0.040851
-0.016800	0.013617
-0.016700	-0.013617
-0.016600	-0.040851
-0.016500	-0.027234
-0.016400	0.027234
-0.016300	0.027234
-0.016200	0.013617
-0.016100	0.000000
-0.016000	0.027234
-0.015900	-0.054468
-0.015800	-0.027234
-0.015700	0.013617
-0.015600	0.027234
-0.015500	0.054468
-0.015400	0.054468
-0.015300	0.040851
-0.015200	0.027234
-0.015100	0.000000
-0.015000	-0.054468
-0.014900	0.000000
-0.014800	-0.013617
-0.014700	-0.027234
-0.014600	0.000000
-0.014500	-0.027234
-0.014400	-0.081702
-0.014300	-0.054468
-0.014200	-0.027234
-0.014100	-0.068085
-0.014000	-0.040851
-0.013900	0.000000
-0.013800	-0.013617
-0.013700	-0.013617
-0.013600	-0.027234
-0.013500	0.000000
-0.013400	0.000000
-0.013300	-0.027234
-0.013200	0.000000
-0.013100	-0.027234
-0.013000	0.027234
-0.012900	0.068085
-0.012800	0.027234
-0.012700	0.013617
-0.012600	-0.013617
-0.012500	0.040851
-0.012400	0.054468
-0.012300	0.027234
-0.012200	-0.027234
-0.012100	0.013617
-0.012000	0.068085
-0.011900	0.000000
-0.011800	0.013617
-0.011700	-0.013617
-0.011600	0.027234
-0.011500	0.040851
-0.011400	0.013617
-0.011300	-0.013617
-0.011200	0.000000
-0.011100	0.000000
-0.011000	-0.040851
-0.010900	-0.040851
-0.010800	-0.040851
-0.010700	-0.054468
-0.010600	0.013617
-0.010500	-0.013617
-0.010400	0.013617
-0.010300	-0.027234
-0.010200	0.027234
-0.010100	-0.013617
-0.010000	0.054468
-0.009900	0.040851
-0.009800	-0.013617
-0.009700	-0.054468
-0.009600	-0.027234
-0.009500	0.081702
-0.009400	0.013617
-0.009300	0.040851
-0.009200	0.027234
-0.009100	0.040851
-0.009000	0.000000
-0.008900	0.013617
-0.008800	0.013617
-0.008700	0.027234
-0.008600	-0.095319
-0.008500	-0.054468
-0.008400	0.027234
-0.008300	-0.040851
-0.008200	-0.054468
-0.008100	0.013617
-0.008000	-0.013617
-0.007900	-0.013617
-0.007800	-0.013617
-0.007700	0.000000
-0.007600	-0.040851
-0.007500	0.000000
-0.007400	-0.040851
-0.007300	0.027234
-0.007200	0.013617
-0.007100	0.040851
-0.007000	-0.013617
-0.006900	0.054468
-0.006800	-0.040851
-0.006700	-0.040851
-0.006600	-0.027234
-0.006500	0.027234
-0.006400	0.013617
-0.006300	-0.027234
-0.006200	-0.054468
-0.006100	-0.040851
-0.006000	0.000000
-0.005900	-0.013617
-0.005800	-0.013617
-0.005700	0.000000
-0.005600	-0.027234
-0.005500	-0.013617
-0.005400	0.013617
-0.005300	0.027234
-0.005200	0.000000
-0.005100	-0.081702
-0.005000	-0.040851
-0.004900	-0.040851
-0.004800	-0.013617
-0.004700	-0.040851
-0.004600	-0.040851
-0.004500	-0.013617
-0.004400	-0.013617
-0.004300	-0.027234
-0.004200	0.081702
-0.004100	-0.054468
-0.004000	0.000000
-0.003900	0.013617
-0.003800	0.068085
-0.003700	0.013617
-0.003600	-0.013617
-0.003500	-0.013617
-0.003400	0.095319
-0.003300	0.027234
-0.003200	0.054468
-0.003100	0.054468
-0.003000	0.040851
-0.002900	0.000000
-0.002800	0.054468
-0.002700	-0.013617
-0.002600	0.040851
-0.002500	0.000000
-0.002400	-0.040851
-0.002300	-0.040851
-0.002200	0.027234
-0.002100	0.040851
-0.002000	0.000000
-0.001900	0.040851
-0.001800	0.054468
-0.001700	-0.040851
-0.001600	-0.013617
-0.001500	0.068085
-0.001400	0.122553
-0.001300	0.040851
-0.001200	0.027234
-0.001100	-0.013617
-0.001000	0.040851
-0.000900	-0.013617
-0.000800	0.027234
-0.000700	0.040851
-0.000600	-0.054468
-0.000500	-0.040851
-0.000400	0.054468
-0.000300	0.027234
-0.000200	-0.027234
-0.000100	-0.040851
0.000000	-0.040851
0.000100	-0.040851
0.000200	-0.013617
0.000300	-0.068085
0.000400	-0.054468
0.000500	-0.040851
0.000600	-0.013617
0.000700	-0.013617
0.000800	-0.013617
0.000900	-0.013617
0.001000	0.000000
0.001100	-0.013617
0.001200	-0.013617
0.001300	0.013617
0.001400	0.027234
0.001500	0.000000
0.001600	-0.013617
0.001700	-0.027234
0.001800	0.000000
0.001900	0.000000
0.002000	-0.054468
0.002100	-0.054468
0.002200	-0.027234
0.002300	0.013617
0.002400	-0.054468
0.002500	-0.068085
0.002600	-0.068085
0.002700	-0.095319
0.002800	-0.177021
0.002900	-0.367659
0.003000	-0.585531
0.003100	-0.830637
0.003200	-1.034890
0.003300	-1.293610
0.003400	-1.593190
0.003500	-1.933610
0.003600	-2.219570
0.003700	-2.451060
0.003800	-2.573610
0.003900	-2.818720
0.004000	-2.995740
0.004100	-3.213610
0.004200	-3.227230
0.004300	-3.227230
0.004400	-3.377020
0.004500	-3.540420
0.004600	-3.894460
0.004700	-4.194040
0.004800	-4.507230
0.004900	-4.575310
0.005000	-4.534460
0.005100	-4.343820
0.005200	-4.125950
0.005300	-4.017010
0.005400	-3.894460
0.005500	-3.799140
0.005600	-3.839990
0.005700	-4.166800
0.005800	-4.765950
0.005900	-5.337860
0.006000	-5.732760
0.006100	-5.828080
0.006200	-5.923390
0.006300	-6.018710
0.006400	-6.318290
0.006500	-6.631480
0.006600	-6.794880
0.006700	-6.890200
0.006800	-6.890200
0.006900	-7.176160
0.007000	-7.516580
0.007100	-7.925090
0.007200	-8.469770
0.007300	-9.654450
0.007400	-11.438300
0.007500	-13.508100
0.007600	-15.114900
0.007700	-16.422100
0.007800	-17.783800
0.007900	-19.295300
0.008000	-20.684200
0.008100	-21.991501
0.008200	-24.047600
0.008300	-25.586300
0.008400	-25.545500
0.008500	-24.687599
0.008600	-23.380400
0.008700	-21.555700
0.008800	-18.968500
0.008900	-16.803400
0.009000	-16.272301
0.009100	-14.951500
0.009200	-12.350600
0.009300	-10.539600
0.009400	-10.566800
0.009500	-11.656200
0.009600	-11.819600
0.009700	-10.457900
0.009800	-9.273180
0.009900	-9.300410
0.010000	-10.825500
0.010100	-12.296200
0.010200	-12.691000
0.010300	-13.004200
0.010400	-13.290200
0.010500	-14.243400
0.010600	-15.931900
0.010700	-17.552299
0.010800	-18.028900
0.010900	-17.579500
0.011000	-17.429800
0.011100	-18.192301
0.011200	-19.118299
0.011300	-19.009300
0.011400	-18.982100
0.011500	-18.151501
0.011600	-16.149799
0.011700	-14.760800
0.011800	-15.959100
0.011900	-16.680799
0.012000	-15.795700
0.012100	-15.686800
0.012200	-16.381300
0.012300	-16.789801
0.012400	-17.620399
0.012500	-18.832300
0.012600	-19.649300
0.012700	-18.355700
0.012800	-17.865499
0.012900	-21.487600
0.013000	-20.888500
0.013100	-21.542101
0.013200	-26.553101
0.013300	-25.068899
0.013400	-25.981199
0.013500	-32.898701
0.013600	-31.931900
0.013700	-26.321699
0.013800	-26.144600
0.013900	-31.005899
0.014000	-34.382900
0.014100	-29.317400
0.014200	-26.144600
0.014300	-33.797401
0.014400	-29.630600
0.014500	-22.481701
0.014600	-33.429699
0.014700	-38.754002
0.014800	-26.280800
0.014900	-23.257799
0.015000	-27.683399
0.015100	-19.635700
0.015200	-17.116600
0.015300	-30.992300
0.015400	-35.581200
0.015500	-24.919100
0.015600	-26.743799
0.015700	-32.381199
0.015800	-36.588902
0.015900	-29.957399
0.016000	-14.161700
0.016100	-29.249300
0.016200	-45.603298
0.016300	-24.959999
0.016400	-19.976101
0.016500	-43.056999
0.016600	-48.394798
0.016700	-50.137798
0.016800	-56.714802
0.016900	-46.842499
0.017000	-47.714001
0.017100	-58.307999
0.017200	-40.428902
0.017300	-23.108000
0.017400	-26.825500
0.017500	-26.961700
0.017600	-5.678290
0.017700	6.658710
0.017800	-6.154880
0.017900	-0.272340
0.018000	11.697000
0.018100	-6.794880
0.018200	4.929350
0.018300	23.230600
0.018400	4.602550
0.018500	6.100420
0.018600	10.076600
0.018700	9.994880
0.018800	21.882500
0.018900	12.391500
0.019000	-0.912339
0.019100	15.863800
0.019200	27.506300
0.019300	3.485950
0.019400	-14.393200
0.019500	-3.554040
0.019600	-2.791480
0.019700	-6.890200
0.019800	7.285090
0.019900	14.924200
0.020000	10.852700
0.020100	7.802540
0.020200	1.334470
0.020300	-18.914000
0.020400	-25.954000
0.020500	-15.114900
0.020600	-16.612700
0.020700	-22.699499
0.020800	-23.271500
0.020900	-28.255301
0.021000	-35.608501
0.021100	-29.276501
0.021200	-21.433201
0.021300	-22.999100
0.021400	-9.708920
0.021500	2.709780
0.021600	-4.357440
0.021700	-9.559130
0.021800	-7.775310
0.021900	-9.749770
0.022000	-10.090200
0.022100	-4.983820
0.022200	-7.748070
0.022300	-11.887600
0.022400	-5.841690
0.022500	-7.203390
0.022600	-21.460400
0.022700	-22.372700
0.022800	-20.493601
0.022900	-26.512300
0.023000	-17.892700
0.023100	-2.028930
0.023200	-7.720840
0.023300	-21.855301
0.023400	-24.238300
0.023500	-27.628901
0.023600	-33.729301
0.023700	-40.210999
0.023800	-46.570099
0.023900	-53.011002
0.024000	-57.422901
0.024100	-62.747101
0.024200	-70.004997
0.024300	-61.821201
0.024400	-57.531799
0.024500	-64.313103
0.024600	-55.543701
0.024700	-46.107201
0.024800	-50.423801
0.024900	-48.258598
0.025000	-35.826302
0.025100	-27.002501
0.025200	-21.228901
0.025300	-11.329300
0.025400	-3.622120
0.025500	1.892760
0.025600	9.858710
0.025700	14.720000
0.025800	9.109770
0.025900	7.611900
0.026000	14.597400
0.026100	12.895300
0.026200	9.899560
0.026300	12.405100
0.026400	14.434000
0.026500	7.625520
0.026600	-1.797440
0.026700	-3.799140
0.026800	-14.447600
0.026900	-30.583799
0.027000	-33.538700
0.027100	-33.089298
0.027200	-34.110600
0.027300	-29.426300
0.027400	-19.159100
0.027500	-13.480800
0.027600	-14.420400
0.027700	-9.177860
0.027800	-4.044250
0.027900	4.915740
0.028000	14.679100
0.028100	12.405100
0.028200	9.790620
0.028300	11.288500
0.028400	11.506400
0.028500	5.937010
0.028600	-0.449361
0.028700	-2.668930
0.028800	-9.245940
0.028900	-14.175300
0.029000	-8.633180
0.029100	-7.434880
0.029200	-10.035700
0.029300	-12.337000
0.029400	-20.738701
0.029500	-22.195700
0.029600	-17.388901
0.029700	-16.789801
0.029800	-18.777800
0.029900	-21.487600
0.030000	-18.914000
0.030100	-20.330200
0.030200	-28.949699
0.030300	-25.777000
0.030400	-18.451000
0.030500	-26.008499
0.030600	-39.366699
0.030700	-43.111401
0.030800	-35.703800
0.030900	-30.447599
0.031000	-34.464600
0.031100	-36.275700
0.031200	-35.118198
0.031300	-39.353100
0.031400	-38.399899
0.031500	-31.455299
0.031600	-33.647598
0.031700	-38.127602
0.031800	-37.215302
0.031900	-35.145500
0.032000	-34.355701
0.032100	-33.348000
0.032200	-25.368500
0.032300	-14.883400
0.032400	-18.233200
0.032500	-25.300400
0.032600	-21.446800
0.032700	-18.573601
0.032800	-24.074900
0.032900	-29.971001
0.033000	-24.388000
0.033100	-15.686800
0.033200	-19.649300
0.033300	-24.755699
0.033400	-19.744699
0.033500	-11.615300
0.033600	-9.096160
0.033700	-17.252701
0.033800	-27.084200
0.033900	-28.881701
0.034000	-22.045900
0.034100	-14.270600
0.034200	-15.863800
0.034300	-26.498699
0.034400	-26.035700
0.034500	-27.029699
0.034600	-37.909698
0.034700	-30.679100
0.034800	-21.297001
0.034900	-13.331000
0.035000	-1.130210
0.035100	-10.308100
0.035200	-22.209299
0.035300	-17.865499
0.035400	-13.943800
0.035500	-5.882540
0.035600	-5.678290
0.035700	-13.957400
0.035800	-10.961700
0.035900	-12.731900
0.036000	-23.979500
0.036100	-28.718300
0.036200	-29.085899
0.036300	-33.661201
0.036400	-41.028000
0.036500	-39.993099
0.036600	-30.365900
0.036700	-24.456100
0.036800	-24.742100
0.036900	-28.405100
0.037000	-31.033100
0.037100	-28.840799
0.037200	-27.056999
0.037300	-28.663799
0.037400	-30.733601
0.037500	-33.239101
0.037600	-27.506300
0.037700	-23.843399
0.037800	-20.929300
0.037900	-4.997440
0.038000	-7.734460
0.038100	-14.447600
0.038200	4.112330
0.038300	-9.218710
0.038400	-35.131901
0.038500	-17.783800
0.038600	-12.146400
0.038700	-23.775299
0.038800	-30.474800
0.038900	-47.482498
0.039000	-46.311401
0.039100	-21.351500
0.039200	-5.133610
0.039300	-19.281700
0.039400	-33.184601
0.039500	-25.395700
0.039600	-32.776100
0.039700	-58.171799
0.039800	-51.472301
0.039900	-17.470600
0.040000	-12.078300
0.040100	-37.324200
0.040200	-46.052700
0.040300	-30.379499
0.040400	-11.588100
0.040500	-4.452760
0.040600	-32.748901
0.040700	-53.514801
0.040800	-29.848499
0.040900	-22.291000
0.041000	-36.820400
0.041100	-33.266300
0.041200	-14.107200
0.041300	-12.282500
0.041400	-22.944599
0.041500	-24.959999
0.041600	-20.153200
0.041700	-3.744670
0.041800	2.478290
0.041900	-15.196600
0.042000	-25.450199
0.042100	-23.938700
0.042200	-18.355700
0.042300	-11.247600
0.042400	-23.162500
0.042500	-45.821201
0.042600	-56.047600
0.042700	-52.357399
0.042800	-39.230598
0.042900	-40.510601
0.043000	-50.736900
0.043100	-37.147202
0.043200	-21.691900
0.043300	-28.105499
0.043400	-36.016998
0.043500	-37.119900
0.043600	-40.483299
0.043700	-34.192299
0.043800	-24.497000
0.043900	-24.197399
0.044000	-22.182100
0.044100	-17.620399
0.044200	-15.986400
0.044300	-11.819600
0.044400	-25.667999
0.044500	-43.751400
0.044600	-29.562500
0.044700	-23.189800
0.044800	-31.087601
0.044900	-36.221199
0.045000	-39.407600
0.045100	-33.838200
0.045200	-25.804199
0.045300	-13.331000
0.045400	-16.313200
0.045500	-28.799999
0.045600	-20.616100
0.045700	-15.891000
0.045800	-32.571899
0.045900	-32.517399
0.046000	-20.738701
0.046100	-29.657801
0.046200	-39.965900
0.046300	-25.218700
0.046400	-15.033200
0.046500	-13.971000
0.046600	-12.268900
0.046700	-28.704599
0.046800	-32.735298
0.046900	-24.646799
0.047000	-48.272301
0.047100	-59.887600
0.047200	-40.442501
0.047300	-29.181200
0.047400	-22.427200
0.047500	-17.511499
0.047600	-16.912300
0.047700	-20.820400
0.047800	-25.150600
0.047900	-31.714001
0.048000	-44.514000
0.048100	-44.282501
0.048200	-36.548000
0.048300	-37.174400
0.048400	-27.479099
0.048500	-23.393999
0.048600	-30.502100
0.048700	-24.360800
0.048800	-22.413601
0.048900	-33.620399
0.049000	-40.510601
0.049100	-37.160801
0.049200	-16.993999
0.049300	-7.108070
0.049400	-17.865499
0.049500	-23.339500
0.049600	-23.502899
0.049700	-19.363400
0.049800	-19.213600
0.049900	-27.138700
0.050000	-24.551500
0.050100	-20.548100
0.050200	-24.333599
0.050300	-30.624599
0.050400	-40.456100
0.050500	-41.640800
0.050600	-40.701199
0.050700	-48.122501
0.050800	-46.842499
0.050900	-46.556499
0.051000	-40.360802
0.051100	-22.440800
0.051200	-32.136101
0.051300	-52.439098
0.051400	-44.922501
0.051500	-32.544601
0.051600	-36.493599
0.051700	-46.651798
0.051800	-39.924999
0.051900	-22.468000
0.052000	-25.341200
0.052100	-33.211899
0.052200	-27.288500
0.052300	-23.121700
0.052400	-21.147200
0.052500	-25.804199
0.052600	-32.953098
0.052700	-31.114799
0.052800	-32.204201
0.052900	-35.717400
0.053000	-37.351398
0.053100	-41.354801
0.053200	-36.003300
0.053300	-29.426300
0.053400	-34.587200
0.053500	-40.728401
0.053600	-41.899502
0.053700	-40.210999
0.053800	-27.356600
0.053900	-10.539600
0.054000	-30.978701
0.054100	-62.488400
0.054200	-50.668900
0.054300	-37.651001
0.054400	-61.562500
0.054500	-73.354797
0.054600	-49.279900
0.054700	-29.657801
0.054800	-38.113998
0.054900	-56.265400
0.055000	-58.008400
0.055100	-33.116501
0.055200	-21.487600
0.055300	-48.953098
0.055400	-57.068802
0.055500	-21.991501
0.055600	-9.913180
0.055700	-32.585499
0.055800	-50.042500
0.055900	-56.782902
0.056000	-47.046700
0.056100	-31.182899
0.056200	-34.369301
0.056300	-40.919102
0.056400	-41.436501
0.056500	-28.010201
0.056600	-13.766800
0.056700	-29.194799
0.056800	-52.479900
0.056900	-56.197399
0.057000	-29.712299
0.057100	-13.903000
0.057200	-38.890202
0.057300	-40.959900
0.057400	-13.085900
0.057500	-9.395730
0.057600	-20.888500
0.057700	-34.165100
0.057800	-39.216999
0.057900	-21.923401
0.058000	-15.986400
0.058100	-35.363300
0.058200	-43.560799
0.058300	-35.785500
0.058400	-33.211899
0.058500	-33.266300
0.058600	-29.276501
0.058700	-29.153999
0.058800	-33.715698
0.058900	-22.958300
0.059000	-17.184700
0.059100	-27.288500
0.059200	-30.542900
0.059300	-25.695299
0.059400	-20.643400
0.059500	-26.893600
0.059600	-37.215302
0.059700	-29.862101
0.059800	-19.159100
0.059900	-20.262100
0.060000	-33.593102
0.060100	-35.091000
0.060200	-21.310600
0.060300	-30.556499
0.060400	-48.108898
0.060500	-31.564199
0.060600	-7.012750
0.060700	-16.272301
0.060800	-43.274799
0.060900	-43.288399
0.061000	-15.945500
0.061100	-15.033200
0.061200	-47.428001
0.061300	-48.108898
0.061400	-11.601700
0.061500	-8.020410
0.061600	-29.698700
0.061700	-41.940399
0.061800	-46.624599
0.061900	-30.774401
0.062000	-22.250200
0.062100	-40.061199
0.062200	-41.068901
0.062300	-25.518299
0.062400	-19.908100
0.062500	-25.477400
0.062600	-41.654400
0.062700	-57.518200
0.062800	-53.827999
0.062900	-45.017799
0.063000	-43.097801
0.063100	-36.262100
0.063200	-26.471399
0.063300	-26.485100
0.063400	-32.340401
0.063500	-34.600800
0.063600	-31.346300
0.063700	-26.199100
0.063800	-27.669701
0.063900	-43.342899
0.064000	-50.941200
0.064100	-43.737801
0.064200	-35.894402
0.064300	-25.763399
0.064400	-28.582100
0.064500	-45.957401
0.064600	-41.531799
0.064700	-25.667999
0.064800	-28.568501
0.064900	-39.911400
0.065000	-48.258598
0.065100	-46.992298
0.065200	-36.643299
0.065300	-32.285900
0.065400	-31.278200
0.065500	-32.231400
0.065600	-27.152300
0.065700	-22.944599
0.065800	-35.063801
0.065900	-35.322498
0.066000	-33.960800
0.066100	-39.434799
0.066200	-30.815300
0.066300	-30.624599
0.066400	-30.760799
0.066500	-31.155701
0.066600	-35.880798
0.066700	-32.435699
0.066800	-34.559898
0.066900	-34.614399
0.067000	-36.820400
0.067100	-38.032299
0.067200	-26.539499
0.067300	-28.908899
0.067400	-32.245098
0.067500	-22.536100
0.067600	-19.567600
0.067700	-19.227200
0.067800	-19.662901
0.067900	-28.908899
0.068000	-35.717400
0.068100	-34.219501
0.068200	-28.228001
0.068300	-24.864599
0.068400	-28.296101
0.068500	-25.422899
0.068600	-22.086800
0.068700	-22.372700
0.068800	-20.343800
0.068900	-23.489300
0.069000	-27.765100
0.069100	-25.096100
0.069200	-21.623800
0.069300	-25.218700
0.069400	-25.559099
0.069500	-17.470600
0.069600	-15.142100
0.069700	-20.834000
0.069800	-23.747999
0.069900	-25.055300
0.070000	-25.164200
0.070100	-21.814400
0.070200	-18.546400
0.070300	-15.714000
0.070400	-17.429800
0.070500	-22.713200
0.070600	-25.531900
0.070700	-23.026300
0.070800	-18.192301
0.070900	-17.593201
0.071000	-19.785500
0.071100	-17.947201
0.071200	-18.301201
0.071300	-23.870600
0.071400	-26.308001
0.071500	-26.457800
0.071600	-24.796600
0.071700	-20.588900
0.071800	-21.964199
0.071900	-22.291000
0.072000	-19.349800
0.072100	-19.594900
0.072200	-20.057800
0.072300	-23.012699
0.072400	-26.702900
0.072500	-23.707199
0.072600	-21.773600
0.072700	-21.487600
0.072800	-17.075701
0.072900	-16.639999
0.073000	-18.205900
0.073100	-16.612700
0.073200	-18.478300
0.073300	-19.050200
0.073400	-12.051000
0.073500	-10.226400
0.073600	-18.056101
0.073700	-23.625500
0.073800	-21.705500
0.073900	-15.741300
0.074000	-11.424700
0.074100	-9.640840
0.074200	-9.354880
0.074300	-13.780400
0.074400	-17.606800
0.074500	-14.420400
0.074600	-12.895300
0.074700	-14.393200
0.074800	-12.473200
0.074900	-12.527600
0.075000	-15.305500
0.075100	-15.809300
0.075200	-15.455300
0.075300	-15.673200
0.075400	-14.842500
0.075500	-13.943800
0.075600	-15.114900
0.075700	-17.280001
0.075800	-14.720000
0.075900	-9.858710
0.076000	-11.615300
0.076100	-18.546400
0.076200	-20.793200
0.076300	-16.462999
0.076400	-14.379600
0.076500	-16.857800
0.076600	-15.605100
0.076700	-13.780400
0.076800	-15.836600
0.076900	-17.947201
0.077000	-17.920000
0.077100	-16.381300
0.077200	-15.019600
0.077300	-15.714000
0.077400	-14.611000
0.077500	-11.206800
0.077600	-14.965100
0.077700	-20.452700
0.077800	-20.248501
0.077900	-18.764200
0.078000	-18.069799
0.078100	-17.157400
0.078200	-15.836600
0.078300	-14.120800
0.078400	-14.883400
0.078500	-17.579500
0.078600	-16.912300
0.078700	-13.725900
0.078800	-13.263000
0.078900	-15.564200
0.079000	-15.114900
0.079100	-12.745500
0.079200	-12.282500
0.079300	-9.967640
0.079400	-7.748070
0.079500	-10.430600
0.079600	-13.004200
0.079700	-11.220400
0.079800	-8.946370
0.079900	-8.401690
0.080000	-7.244240
0.080100	-4.561690
0.080200	-3.880840
0.080300	-8.142970
0.080400	-12.881700
0.080500	-12.445900
0.080600	-7.965940
0.080700	-4.983820
0.080800	-6.876580
0.080900	-8.510620
0.081000	-8.074880
0.081100	-7.298710
0.081200	-6.427220
0.081300	-6.672330
0.081400	-6.045950
0.081500	-3.948930
0.081600	-4.534460
0.081700	-6.740410
0.081800	-4.997440
0.081900	-4.616160
0.082000	-7.039990
0.082100	-5.474030
0.082200	-6.291050
0.082300	-11.819600
0.082400	-12.595700
0.082500	-6.645100
0.082600	-3.472330
0.082700	-6.236590
0.082800	-7.584670
0.082900	-3.540420
0.083000	-2.192340
0.083100	-6.971900
0.083200	-10.090200
0.083300	-6.114030
0.083400	-1.797440
0.083500	-3.145530
0.083600	-4.534460
0.083700	-1.606810
0.083800	0.503829
0.083900	-1.797440
0.084000	-5.133610
0.084100	-5.719140
0.084200	-5.228930
0.084300	-3.976160
0.084400	-2.423830
0.084500	-3.240850
0.084600	-5.501270
0.084700	-5.283400
0.084800	-3.349780
0.084900	-3.159140
0.085000	-3.976160
0.085100	-4.520840
0.085200	-3.390630
0.085300	-1.865530
0.085400	-2.777870
0.085500	-4.017010
0.085600	-2.954890
0.085700	-1.702120
0.085800	-0.571914
0.085900	-0.571914
0.086000	-1.416170
0.086100	-0.789786
0.086200	0.367659
0.086300	0.326808
0.086400	-1.293610
0.086500	-2.505530
0.086600	-1.606810
0.086700	-0.803403
0.086800	-0.313191
0.086900	-0.122553
0.087000	-0.599148
0.087100	-0.966807
0.087200	-0.449361
0.087300	-1.102980
0.087400	-1.974460
0.087500	-0.980424
0.087600	0.163404
0.087700	-0.136170
0.087800	0.136170
0.087900	1.130210
0.088000	0.313191
0.088100	-0.789786
0.088200	-0.462978
0.088300	-0.027234
0.088400	0.108936
0.088500	0.054468
0.088600	-0.612765
0.088700	-1.892760
0.088800	-2.042550
0.088900	-1.021270
0.089000	-0.285957
0.089100	-0.204255
0.089200	-1.062130
0.089300	-2.097020
0.089400	-1.593190
0.089500	-1.211910
0.089600	-1.334470
0.089700	-1.171060
0.089800	-0.966807
0.089900	-1.048510
0.090000	-1.851910
0.090100	-3.499570
0.090200	-3.404250
0.090300	-0.776169
0.090400	0.612765
0.090500	-0.667233
0.090600	-0.721701
0.090700	0.367659
0.090800	0.299574
0.090900	0.544680
0.091000	0.817020
0.091100	1.007660
0.091200	1.334470
0.091300	1.457020
0.091400	0.258723
0.091500	1.770210
0.091600	3.417870
0.091700	1.143830
0.091800	-0.694467
0.091900	0.204255
0.092000	-0.449361
0.092100	0.313191
0.092200	2.015320
0.092300	1.048510
0.092400	-1.334470
0.092500	-2.709780
0.092600	-1.674890
0.092700	-2.178720
0.092800	-2.968510
0.092900	-0.830637
0.093000	1.742980
0.093100	0.708084
0.093200	-2.042550
0.093300	-1.593190
0.093400	0.299574
0.093500	-0.680850
0.093600	-4.588930
0.093700	-12.091900
0.093800	-22.168501
0.093900	-19.431499
0.094000	-1.048510
0.094100	10.131000
0.094200	5.664670
0.094300	1.443400
0.094400	7.897860
0.094500	14.311500
0.094600	10.321700
0.094700	0.476595
0.094800	-10.403400
0.094900	-10.103800
0.095000	0.040851
0.095100	0.354042
0.095200	2.396590
0.095300	16.585501
0.095400	15.673200
0.095500	-1.402550
0.095600	-7.053610
0.095700	-5.283400
0.095800	-2.192340
0.095900	1.661270
0.096000	-3.118290
0.096100	-8.265520
0.096200	0.980424
0.096300	7.775310
0.096400	0.680850
0.096500	-2.777870
0.096600	1.742980
0.096700	2.764250
0.096800	-0.245106
0.096900	-1.102980
0.097000	-2.151490
0.097100	3.812760
0.097200	8.428920
0.097300	-2.287660
0.097400	-4.153180
0.097500	7.230630
0.097600	9.382110
0.097700	1.620420
0.097800	-7.039990
0.097900	-9.259560
0.098000	-3.921700
0.098100	-1.402550
0.098200	0.789786
0.098300	3.554040
0.098400	2.491910
0.098500	0.503829
0.098600	0.013617
0.098700	0.258723
0.098800	-2.069780
0.098900	-4.030630
0.099000	-2.560000
0.099100	-3.608500
0.099200	-6.699560
0.099300	-7.012750
0.099400	-5.215310
0.099500	0.231489
0.099600	4.180420
0.099700	0.762552
0.099800	-3.186380
0.099900	-6.454460
0.100000	-9.382110
0.100100	-6.250200
0.100200	-0.190638
0.100300	1.838290
0.100400	3.036590
0.100500	7.734460
0.100600	9.681690
0.100700	-0.449361
0.100800	1.742980
0.100900	5.719140
0.101000	0.599148
0.101100	5.732760
0.101200	5.773610
0.101300	1.034890
0.101400	2.832340
0.101500	4.534460
0.101600	5.079140
0.101700	6.740410
0.101800	2.968510
0.101900	-0.054468
0.102000	-2.328510
0.102100	-2.478290
0.102200	-0.980424
0.102300	0.612765
0.102400	1.565950
0.102500	0.394893
0.102600	-1.075740
0.102700	-2.451060
0.102800	-2.709780
0.102900	-0.149787
0.103000	-1.538720
0.103100	-6.713180
0.103200	-5.896160
0.103300	-4.003400
0.103400	-4.738720
0.103500	-4.180420
0.103600	-2.437440
0.103700	0.708084
0.103800	0.013617
0.103900	-4.915740
0.104000	-6.291050
0.104100	-5.174460
0.104200	-3.159140
0.104300	0.408510
0.104400	-1.511490
0.104500	-5.405950
0.104600	-4.793180
0.104700	-4.166800
0.104800	-2.818720
0.104900	-1.388930
0.105000	-0.544680
0.105100	0.830637
0.105200	-0.136170
0.105300	-2.532760
0.105400	-4.479990
0.105500	-5.691910
0.105600	-3.690210
0.105700	-0.340425
0.105800	1.320850
0.105900	0.149787
0.106000	0.054468
0.106100	1.130210
0.106200	-2.437440
0.106300	-5.800840
0.106400	-4.902120
0.106500	-3.118290
0.106600	-2.233190
0.106700	-1.688510
0.106800	-0.721701
0.106900	0.272340
0.107000	-2.546380
0.107100	-5.201690
0.107200	-3.322550
0.107300	-2.219570
0.107400	-3.935310
0.107500	-1.266380
0.107600	3.240850
0.107700	1.497870
0.107800	-2.083400
0.107900	-2.015320
0.108000	0.068085
0.108100	1.021270
0.108200	-1.402550
0.108300	-2.709780
0.108400	0.544680
0.108500	2.886800
0.108600	0.612765
0.108700	-2.355740
0.108800	-1.729360
0.108900	-0.027234
0.109000	-1.443400
0.109100	-1.715740
0.109200	1.497870
0.109300	3.526800
0.109400	2.246800
0.109500	0.027234
0.109600	0.272340
0.109700	1.865530
0.109800	1.143830
0.109900	1.102980
0.110000	2.628080
0.110100	2.478290
0.110200	1.756590
0.110300	1.293610
0.110400	-0.136170
0.110500	-0.639999
0.110600	1.742980
0.110700	4.207650
0.110800	4.806800
0.110900	3.676590
0.111000	1.674890
0.111100	0.068085
0.111200	-0.285957
0.111300	0.653616
0.111400	1.988080
0.111500	2.246800
0.111600	2.274040
0.111700	2.546380
0.111800	0.939573
0.111900	-1.021270
0.112000	1.089360
0.112100	3.036590
0.112200	1.824680
0.112300	1.797440
0.112400	1.062130
0.112500	-1.470640
0.112600	-0.667233
0.112700	2.233190
0.112800	1.838290
0.112900	0.367659
0.113000	-0.081702
0.113100	0.285957
0.113200	1.729360
0.113300	0.966807
0.113400	-0.217872
0.113500	1.511490
0.113600	2.151490
0.113700	0.585531
0.113800	-0.612765
0.113900	0.449361
0.114000	2.192340
0.114100	2.410210
0.114200	0.762552
0.114300	-1.606810
0.114400	-1.402550
0.114500	1.470640
0.114600	2.301270
0.114700	0.340425
0.114800	-0.190638
0.114900	0.708084
0.115000	1.211910
0.115100	0.708084
0.115200	-0.054468
0.115300	0.531063
0.115400	1.756590
0.115500	1.702120
0.115600	1.225530
0.115700	0.367659
0.115800	0.000000
0.115900	1.497870
0.116000	1.715740
0.116100	0.871488
0.116200	0.830637
0.116300	1.729360
0.116400	3.240850
0.116500	2.301270
0.116600	0.435744
0.116700	0.680850
0.116800	1.715740
0.116900	2.042550
0.117000	2.028930
0.117100	3.431480
0.117200	4.044250
0.117300	2.777870
0.117400	2.342120
0.117500	1.525100
0.117600	-0.258723
0.117700	0.149787
0.117800	1.634040
0.117900	2.777870
0.118000	3.485950
0.118100	2.845950
0.118200	2.546380
0.118300	3.554040
0.118400	3.472330
0.118500	1.879150
0.118600	1.293610
0.118700	1.511490
0.118800	2.151490
0.118900	1.089360
0.119000	0.204255
0.119100	2.478290
0.119200	3.622120
0.119300	2.205950
0.119400	0.422127
0.119500	-0.898722
0.119600	0.149787
0.119700	1.920000
0.119800	2.110630
0.119900	-0.054468
0.120000	-0.285957
0.120100	1.116590
0.120200	0.435744
0.120300	0.040851
0.120400	1.239150
0.120500	0.857871
0.120600	-0.040851
0.120700	0.435744
0.120800	1.102980
0.120900	1.565950
0.121000	1.702120
0.121100	1.225530
0.121200	-0.381276
0.121300	-1.579570
0.121400	0.585531
0.121500	2.560000
0.121600	2.546380
0.121700	2.682550
0.121800	1.879150
0.121900	0.503829
0.122000	0.245106
0.122100	-0.040851
0.122200	1.552340
0.122300	2.491910
0.122400	0.163404
0.122500	-0.258723
0.122600	0.925956
0.122700	0.898722
0.122800	1.348080
0.122900	1.402550
0.123000	0.040851
0.123100	-0.313191
0.123200	1.280000
0.123300	2.914040
0.123400	2.532760
0.123500	1.348080
0.123600	0.817020
0.123700	0.122553
0.123800	0.122553
0.123900	1.252760
0.124000	1.756590
0.124100	1.674890
0.124200	1.770210
0.124300	1.620420
0.124400	0.599148
0.124500	0.095319
0.124600	1.457020
0.124700	1.538720
0.124800	0.354042
0.124900	0.285957
0.125000	0.694467
0.125100	0.708084
0.125200	1.102980
0.125300	1.225530
0.125400	0.245106
0.125500	-0.313191
0.125600	0.354042
0.125700	0.394893
0.125800	0.435744
0.125900	1.484250
0.126000	1.497870
0.126100	0.422127
0.126200	0.558297
0.126300	0.953190
0.126400	0.735318
0.126500	1.048510
0.126600	1.280000
0.126700	1.062130
0.126800	1.048510
0.126900	1.143830
0.127000	1.307230
0.127100	1.307230
0.127200	0.408510
0.127300	0.095319
0.127400	1.661270
0.127500	1.729360
0.127600	-0.285957
0.127700	-0.136170
0.127800	1.538720
0.127900	1.239150
0.128000	0.803403
0.128100	2.110630
0.128200	2.546380
0.128300	1.320850
0.128400	0.925956
0.128500	1.470640
0.128600	2.151490
0.128700	2.301270
0.128800	2.028930
0.128900	2.668930
0.129000	2.696170
0.129100	1.715740
0.129200	1.579570
0.129300	1.511490
0.129400	2.028930
0.129500	2.587230
0.129600	1.865530
0.129700	1.674890
0.129800	1.920000
0.129900	2.314890
0.130000	2.845950
0.130100	2.696170
0.130200	1.920000
0.130300	1.171060
0.130400	1.130210
0.130500	2.941270
0.130600	4.248500
0.130700	2.968510
0.130800	2.396590
0.130900	3.295310
0.131000	2.369360
0.131100	0.898722
0.131200	1.770210
0.131300	2.954890
0.131400	2.015320
0.131500	1.851910
0.131600	2.682550
0.131700	2.614460
0.131800	1.851910
0.131900	2.260420
0.132000	3.022970
0.132100	2.151490
0.132200	0.803403
0.132300	0.939573
0.132400	2.355740
0.132500	3.022970
0.132600	2.519140
0.132700	2.546380
0.132800	2.274040
0.132900	1.266380
0.133000	1.470640
0.133100	2.137870
0.133200	2.151490
0.133300	1.770210
0.133400	2.314890
0.133500	2.573610
0.133600	2.382970
0.133700	2.682550
0.133800	1.797440
0.133900	0.762552
0.134000	0.830637
0.134100	0.925956
0.134200	1.075740
0.134300	1.702120
0.134400	2.056170
0.134500	1.593190
0.134600	0.789786
0.134700	-0.108936
0.134800	-0.939573
0.134900	-2.015320
0.135000	-1.702120
0.135100	-0.612765
0.135200	-0.531063
0.135300	-0.939573
0.135400	-0.108936
0.135500	1.130210
0.135600	1.239150
0.135700	0.735318
0.135800	1.075740
0.135900	0.694467
0.136000	-0.272340
0.136100	0.449361
0.136200	1.293610
0.136300	0.136170
0.136400	-1.102980
0.136500	-0.245106
0.136600	0.040851
0.136700	-0.776169
0.136800	-0.626382
0.136900	0.258723
0.137000	0.340425
0.137100	-0.354042
0.137200	-0.653616
0.137300	0.354042
0.137400	0.803403
0.137500	-0.462978
0.137600	-0.667233
0.137700	-0.354042
0.137800	-0.354042
0.137900	0.394893
0.138000	0.476595
0.138100	-0.177021
0.138200	-0.054468
0.138300	-0.599148
0.138400	0.149787
0.138500	2.628080
0.138600	1.960850
0.138700	-0.027234
0.138800	0.803403
0.138900	1.252760
0.139000	0.231489
0.139100	-0.217872
0.139200	0.245106
0.139300	0.435744
0.139400	-0.939573
0.139500	-2.178720
0.139600	-1.320850
0.139700	-0.040851
0.139800	-0.449361
0.139900	-0.789786
0.140000	-0.354042
0.140100	-0.122553
0.140200	0.095319
0.140300	0.599148
0.140400	0.708084
0.140500	0.190638
0.140600	-0.245106
0.140700	-0.354042
0.140800	0.081702
0.140900	0.830637
0.141000	0.803403
0.141100	0.313191
0.141200	-0.177021
0.141300	-1.252760
0.141400	-1.674890
0.141500	-0.803403
0.141600	-0.653616
0.141700	-1.239150
0.141800	-1.334470
0.141900	-1.007660
0.142000	-0.735318
0.142100	-0.571914
0.142200	-0.435744
0.142300	-0.639999
0.142400	-1.334470
0.142500	-1.429780
0.142600	-1.538720
0.142700	-1.075740
0.142800	0.149787
0.142900	0.326808
0.143000	0.653616
0.143100	0.857871
0.143200	0.149787
0.143300	-0.108936
0.143400	0.149787
0.143500	-0.789786
0.143600	-1.797440
0.143700	-1.171060
0.143800	-0.394893
0.143900	-0.544680
0.144000	-1.007660
0.144100	-1.171060
0.144200	-1.171060
0.144300	-1.307230
0.144400	-1.647660
0.144500	-1.797440
0.144600	-1.266380
0.144700	-0.789786
0.144800	-0.830637
0.144900	-1.334470
0.145000	-1.484250
0.145100	-1.457020
0.145200	-1.443400
0.145300	-1.089360
0.145400	-1.280000
0.145500	-1.579570
0.145600	-0.435744
0.145700	0.612765
0.145800	-0.367659
0.145900	-0.925956
0.146000	-0.054468
0.146100	-0.476595
0.146200	-0.871488
0.146300	-0.245106
0.146400	-0.721701
0.146500	-1.811060
0.146600	-1.062130
0.146700	0.054468
0.146800	-0.517446
0.146900	-1.388930
0.147000	-0.898722
0.147100	-0.231489
0.147200	-0.177021
0.147300	-0.177021
0.147400	-0.081702
0.147500	0.531063
0.147600	0.394893
0.147700	-0.912339
0.147800	-1.198300
0.147900	-0.462978
0.148000	-0.081702
0.148100	0.027234
0.148200	0.422127
0.148300	0.408510
0.148400	-0.245106
0.148500	-0.149787
0.148600	0.558297
0.148700	0.612765
0.148800	0.081702
0.148900	-0.285957
0.149000	-0.108936
0.149100	0.122553
0.149200	0.040851
0.149300	-0.272340
0.149400	-0.299574
0.149500	-0.476595
0.149600	-0.789786
0.149700	-0.667233
0.149800	-0.408510
0.149900	-0.408510
0.150000	-0.326808
0.150100	0.000000
0.150200	0.136170
0.150300	-0.285957
0.150400	-0.708084
0.150500	-0.177021
0.150600	-0.054468
0.150700	-0.871488
0.150800	-1.361700
0.150900	-0.939573
0.151000	-0.313191
0.151100	-0.231489
0.151200	-0.381276
0.151300	-0.299574
0.151400	-0.571914
0.151500	-0.735318
0.151600	-0.299574
0.151700	0.095319
0.151800	0.299574
0.151900	0.136170
0.152000	-0.054468
0.152100	0.245106
0.152200	0.068085
0.152300	-0.490212
0.152400	-0.626382
0.152500	-0.013617
0.152600	0.531063
0.152700	0.136170
0.152800	-0.394893
0.152900	-0.258723
0.153000	0.081702
0.153100	0.789786
0.153200	0.748935
0.153300	0.612765
0.153400	0.994041
0.153500	0.939573
0.153600	0.708084
0.153700	0.830637
0.153800	0.817020
0.153900	1.021270
0.154000	1.797440
0.154100	1.742980
0.154200	1.021270
0.154300	0.748935
0.154400	0.680850
0.154500	0.694467
0.154600	0.708084
0.154700	0.585531
0.154800	0.449361
0.154900	0.381276
0.155000	0.381276
0.155100	0.653616
0.155200	0.925956
0.155300	0.639999
0.155400	0.245106
0.155500	0.299574
0.155600	0.503829
0.155700	0.531063
0.155800	0.585531
0.155900	0.898722
0.156000	0.980424
0.156100	0.844254
0.156200	0.803403
0.156300	0.912339
0.156400	0.830637
0.156500	0.517446
0.156600	0.381276
0.156700	0.435744
0.156800	0.531063
0.156900	0.476595
0.157000	0.449361
0.157100	0.490212
0.157200	0.326808
0.157300	-0.231489
0.157400	-0.190638
0.157500	0.231489
0.157600	0.503829
0.157700	0.571914
0.157800	0.394893
0.157900	0.231489
0.158000	0.354042
0.158100	0.694467
0.158200	1.211910
0.158300	1.211910
0.158400	0.803403
0.158500	0.612765
0.158600	0.857871
0.158700	0.939573
0.158800	0.925956
0.158900	0.871488
0.159000	0.762552
0.159100	0.789786
0.159200	0.925956
0.159300	0.885105
0.159400	0.789786
0.159500	0.694467
0.159600	0.517446
0.159700	-0.054468
0.159800	-0.462978
0.159900	0.013617
0.160000	0.285957
0.160100	-0.068085
0.160200	-0.272340
0.160300	-0.285957
0.160400	-0.108936
0.160500	0.081702
0.160600	-0.163404
0.160700	-0.490212
0.160800	-0.476595
0.160900	0.149787
0.161000	0.122553
0.161100	-0.354042
0.161200	-0.245106
0.161300	0.095319
0.161400	-0.231489
0.161500	-0.599148
0.161600	-0.299574
0.161700	0.149787
0.161800	-0.149787
0.161900	-0.476595
0.162000	-0.653616
0.162100	-0.190638
0.162200	0.013617
0.162300	-0.721701
0.162400	-0.830637
0.162500	-0.408510
0.162600	-0.817020
0.162700	-0.966807
0.162800	-0.653616
0.162900	-0.653616
0.163000	-0.612765
0.163100	-0.708084
0.163200	-0.844254
0.163300	-0.503829
0.163400	-0.612765
0.163500	-0.925956
0.163600	-0.571914
0.163700	-0.571914
0.163800	-0.953190
0.163900	-0.953190
0.164000	-1.007660
0.164100	-1.320850
0.164200	-1.865530
0.164300	-1.933610
0.164400	-1.320850
0.164500	-1.143830
0.164600	-1.484250
0.164700	-1.620420
0.164800	-1.538720
0.164900	-1.647660
0.165000	-1.484250
0.165100	-1.116590
0.165200	-1.034890
0.165300	-1.225530
0.165400	-1.375320
0.165500	-1.334470
0.165600	-1.143830
0.165700	-0.939573
0.165800	-1.062130
0.165900	-1.157440
0.166000	-1.334470
0.166100	-1.402550
0.166200	-1.048510
0.166300	-0.830637
0.166400	-0.680850
0.166500	-0.776169
0.166600	-1.075740
0.166700	-0.898722
0.166800	-0.789786
0.166900	-0.898722
0.167000	-0.449361
0.167100	-0.435744
0.167200	-0.544680
0.167300	-0.531063
0.167400	-0.354042
0.167500	-0.394893
0.167600	-0.462978
0.167700	-0.313191
0.167800	0.108936
0.167900	0.490212
0.168000	0.449361
0.168100	0.313191
0.168200	0.599148
0.168300	0.721701
0.168400	0.503829
0.168500	0.503829
0.168600	0.708084
0.168700	0.994041
0.168800	1.034890
0.168900	0.585531
0.169000	0.639999
0.169100	0.830637
0.169200	0.571914
0.169300	0.490212
0.169400	0.653616
0.169500	0.667233
0.169600	0.476595
0.169700	0.108936
0.169800	0.095319
0.169900	0.381276
0.170000	0.340425
0.170100	0.231489
0.170200	0.177021
0.170300	-0.190638
0.170400	0.354042
0.170500	0.871488
0.170600	0.966807
0.170700	0.994041
0.170800	1.034890
0.170900	1.143830
0.171000	1.048510
0.171100	0.708084
0.171200	0.871488
0.171300	1.280000
0.171400	1.021270
0.171500	0.612765
0.171600	0.585531
0.171700	0.776169
0.171800	0.639999
0.171900	0.422127
0.172000	0.326808
0.172100	0.258723
0.172200	0.122553
0.172300	0.231489
0.172400	0.068085
0.172500	0.326808
0.172600	0.381276
0.172700	-0.272340
0.172800	-0.517446
0.172900	-0.149787
0.173000	0.245106
0.173100	0.177021
0.173200	-0.326808
0.173300	-0.272340
0.173400	-0.013617
0.173500	-0.245106
0.173600	-0.517446
0.173700	-0.531063
0.173800	-0.490212
0.173900	-0.599148
0.174000	-0.721701
0.174100	-0.721701
0.174200	-0.599148
0.174300	-0.639999
0.174400	-0.435744
0.174500	-0.285957
0.174600	-0.776169
0.174700	-0.776169
0.174800	-0.517446
0.174900	-0.748935
0.175000	-1.048510
0.175100	-0.925956
0.175200	-0.558297
0.175300	-0.476595
0.175400	-0.857871
0.175500	-1.075740
0.175600	-0.939573
0.175700	-0.708084
0.175800	-0.748935
0.175900	-0.912339
0.176000	-0.953190
0.176100	-0.925956
0.176200	-0.680850
0.176300	-0.626382
0.176400	-0.830637
0.176500	-0.544680
0.176600	-0.626382
0.176700	-0.762552
0.176800	-0.558297
0.176900	-0.626382
0.177000	-0.422127
0.177100	-0.381276
0.177200	-0.639999
0.177300	-0.721701
0.177400	-0.639999
0.177500	-0.544680
0.177600	-0.394893
0.177700	-0.490212
0.177800	-0.639999
0.177900	-0.299574
0.178000	-0.258723
0.178100	-0.708084
0.178200	-0.708084
0.178300	-0.571914
0.178400	-0.585531
0.178500	-0.462978
0.178600	-0.422127
0.178700	-0.190638
0.178800	0.040851
0.178900	-0.136170
0.179000	-0.531063
0.179100	-0.708084
0.179200	-0.408510
0.179300	-0.149787
0.179400	-0.285957
0.179500	-0.462978
0.179600	-0.313191
0.179700	-0.068085
0.179800	-0.013617
0.179900	0.054468
0.180000	0.299574
0.180100	0.272340
0.180200	0.068085
0.180300	0.340425
0.180400	0.667233
0.180500	0.585531
0.180600	0.476595
0.180700	0.435744
0.180800	0.476595
0.180900	0.190638
0.181000	0.108936
0.181100	0.285957
0.181200	0.054468
0.181300	-0.081702
0.181400	-0.108936
0.181500	-0.081702
0.181600	0.136170
0.181700	0.367659
0.181800	0.245106
0.181900	0.013617
0.182000	0.068085
0.182100	0.340425
0.182200	0.354042
0.182300	0.027234
0.182400	-0.054468
0.182500	0.231489
0.182600	0.408510
0.182700	0.285957
0.182800	0.381276
0.182900	0.544680
0.183000	0.367659
0.183100	0.258723
0.183200	0.340425
0.183300	0.490212
0.183400	0.708084
0.183500	0.844254
0.183600	0.966807
0.183700	0.953190
0.183800	0.490212
0.183900	0.585531
0.184000	0.980424
0.184100	0.612765
0.184200	0.272340
0.184300	0.190638
0.184400	-0.040851
0.184500	-0.149787
0.184600	-0.040851
0.184700	0.013617
0.184800	0.204255
0.184900	0.381276
0.185000	0.449361
0.185100	0.680850
0.185200	0.980424
0.185300	0.857871
0.185400	0.748935
0.185500	0.898722
0.185600	0.803403
0.185700	0.626382
0.185800	0.408510
0.185900	0.326808
0.186000	0.544680
0.186100	0.721701
0.186200	0.490212
0.186300	0.653616
0.186400	0.844254
0.186500	0.667233
0.186600	0.503829
0.186700	0.476595
0.186800	0.612765
0.186900	0.558297
0.187000	0.326808
0.187100	0.204255
0.187200	0.108936
0.187300	-0.108936
0.187400	-0.177021
0.187500	-0.013617
0.187600	-0.217872
0.187700	-0.217872
0.187800	0.000000
0.187900	0.122553
0.188000	0.136170
0.188100	0.149787
0.188200	0.190638
0.188300	0.245106
0.188400	0.231489
0.188500	0.190638
0.188600	0.177021
0.188700	0.122553
0.188800	0.122553
0.188900	0.136170
0.189000	0.122553
0.189100	0.136170
0.189200	0.326808
0.189300	0.422127
0.189400	0.517446
0.189500	0.708084
0.189600	0.803403
0.189700	0.585531
0.189800	0.258723
0.189900	-0.027234
0.190000	-0.081702
0.190100	-0.108936
0.190200	-0.054468
0.190300	0.108936
0.190400	0.095319
0.190500	-0.217872
0.190600	-0.040851
0.190700	0.177021
0.190800	-0.095319
0.190900	-0.326808
0.191000	-0.340425
0.191100	-0.204255
0.191200	-0.108936
0.191300	-0.013617
0.191400	0.340425
0.191500	0.544680
0.191600	0.612765
0.191700	0.612765
0.191800	0.354042
0.191900	0.000000
0.192000	0.040851
0.192100	0.217872
0.192200	-0.040851
0.192300	-0.122553
0.192400	0.177021
0.192500	0.285957
0.192600	0.585531
0.192700	0.885105
0.192800	0.803403
0.192900	0.776169
0.193000	0.980424
0.193100	0.708084
0.193200	0.408510
0.193300	0.394893
0.193400	0.531063
0.193500	0.517446
0.193600	0.490212
0.193700	0.694467
0.193800	0.912339
0.193900	0.721701
0.194000	0.476595
0.194100	0.517446
0.194200	0.571914
0.194300	0.912339
0.194400	0.898722
0.194500	0.626382
0.194600	0.585531
0.194700	0.599148
0.194800	0.367659
0.194900	0.531063
0.195000	0.585531
0.195100	0.245106
0.195200	0.013617
0.195300	-0.013617
0.195400	0.149787
0.195500	0.531063
0.195600	0.408510
0.195700	-0.013617
0.195800	0.163404
0.195900	0.190638
0.196000	-0.081702
0.196100	-0.299574
0.196200	-0.354042
0.196300	-0.272340
0.196400	-0.531063
0.196500	-0.912339
0.196600	-0.585531
0.196700	-0.095319
0.196800	0.068085
0.196900	-0.122553
0.197000	-0.285957
0.197100	0.013617
0.197200	0.313191
0.197300	0.340425
0.197400	0.095319
0.197500	0.013617
0.197600	0.122553
0.197700	0.122553
0.197800	0.013617
0.197900	-0.054468
0.198000	-0.013617
0.198100	-0.149787
0.198200	-0.326808
0.198300	-0.422127
0.198400	-0.272340
0.198500	-0.258723
0.198600	-0.503829
0.198700	-0.612765
0.198800	-0.231489
0.198900	0.122553
0.199000	0.081702
0.199100	-0.081702
0.199200	-0.136170
0.199300	-0.095319
0.199400	-0.163404
0.199500	-0.381276
0.199600	-0.340425
0.199700	0.108936
0.199800	0.231489
0.199900	-0.108936
0.200000	-0.299574
0.200100	0.054468
0.200200	0.095319
0.200300	-0.571914
0.200400	-0.953190
0.200500	-0.776169
0.200600	-0.503829
0.200700	-0.394893
0.200800	-0.517446
0.200900	-0.245106
0.201000	0.108936
0.201100	-0.081702
0.201200	0.027234
0.201300	0.381276
0.201400	0.258723
0.201500	0.040851
0.201600	-0.190638
0.201700	-0.394893
0.201800	-0.177021
0.201900	-0.136170
0.202000	-0.217872
0.202100	-0.040851
0.202200	0.000000
0.202300	-0.503829
0.202400	-0.585531
0.202500	-0.313191
0.202600	-0.190638
0.202700	-0.299574
0.202800	-0.531063
0.202900	-0.599148
0.203000	-0.626382
0.203100	-0.844254
0.203200	-0.803403
0.203300	-0.408510
0.203400	-0.299574
0.203500	-0.354042
0.203600	-0.122553
0.203700	0.190638
0.203800	0.217872
0.203900	-0.217872
0.204000	-0.449361
0.204100	-0.340425
0.204200	-0.435744
0.204300	-0.163404
0.204400	0.122553
0.204500	-0.027234
0.204600	-0.231489
0.204700	-0.381276
0.204800	-0.476595
0.204900	-0.435744
0.205000	-0.381276
0.205100	-0.285957
0.205200	-0.272340
0.205300	-0.245106
0.205400	-0.354042
0.205500	-0.449361
0.205600	-0.476595
0.205700	-0.136170
0.205800	-0.177021
0.205900	-0.299574
0.206000	-0.326808
0.206100	-0.217872
0.206200	-0.217872
0.206300	-0.517446
0.206400	-0.612765
0.206500	-0.285957
0.206600	-0.081702
0.206700	-0.449361
0.206800	-0.476595
0.206900	-0.204255
0.207000	-0.068085
0.207100	-0.272340
0.207200	-0.449361
0.207300	-0.136170
0.207400	0.245106
0.207500	0.068085
0.207600	-0.217872
0.207700	-0.531063
0.207800	-0.462978
0.207900	-0.190638
0.208000	-0.108936
0.208100	-0.245106
0.208200	-0.585531
0.208300	-0.381276
0.208400	-0.068085
0.208500	-0.857871
0.208600	-0.980424
0.208700	-0.299574
0.208800	-0.054468
0.208900	-0.272340
0.209000	-0.313191
0.209100	-0.285957
0.209200	-0.122553
0.209300	-0.027234
0.209400	-0.231489
0.209500	-0.081702
0.209600	0.177021
0.209700	0.068085
0.209800	0.040851
0.209900	0.000000
0.210000	-0.054468
0.210100	0.149787
0.210200	0.231489
0.210300	-0.013617
0.210400	-0.245106
0.210500	-0.313191
0.210600	-0.217872
0.210700	0.149787
0.210800	0.258723
0.210900	-0.068085
0.211000	-0.190638
0.211100	-0.149787
0.211200	-0.326808
0.211300	-0.435744
0.211400	-0.340425
0.211500	-0.081702
0.211600	-0.013617
0.211700	-0.122553
0.211800	-0.272340
0.211900	0.068085
0.212000	0.217872
0.212100	0.163404
0.212200	-0.204255
0.212300	-0.367659
0.212400	-0.394893
0.212500	-0.326808
0.212600	-0.149787
0.212700	0.122553
0.212800	0.000000
0.212900	-0.068085
0.213000	-0.040851
0.213100	-0.163404
0.213200	-0.081702
0.213300	0.258723
0.213400	0.299574
0.213500	0.013617
0.213600	-0.108936
0.213700	0.040851
0.213800	0.149787
0.213900	0.081702
0.214000	0.054468
0.214100	0.068085
0.214200	0.040851
0.214300	-0.068085
0.214400	-0.190638
0.214500	-0.190638
0.214600	-0.068085
0.214700	-0.040851
0.214800	-0.190638
0.214900	-0.217872
0.215000	-0.095319
0.215100	-0.122553
0.215200	-0.190638
0.215300	-0.204255
0.215400	0.068085
0.215500	0.326808
0.215600	0.204255
0.215700	-0.136170
0.215800	-0.272340
0.215900	-0.054468
0.216000	0.231489
0.216100	0.027234
0.216200	-0.068085
0.216300	0.095319
0.216400	0.285957
0.216500	0.204255
0.216600	0.000000
0.216700	0.000000
0.216800	0.381276
0.216900	0.381276
0.217000	0.027234
0.217100	0.068085
0.217200	0.217872
0.217300	0.149787
0.217400	0.190638
0.217500	0.299574
0.217600	0.367659
0.217700	0.285957
0.217800	0.163404
0.217900	0.285957
0.218000	0.503829
0.218100	0.449361
0.218200	0.381276
0.218300	0.531063
0.218400	0.667233
0.218500	0.476595
0.218600	0.231489
0.218700	0.258723
0.218800	0.272340
0.218900	0.340425
0.219000	0.381276
0.219100	0.326808
0.219200	0.340425
0.219300	0.217872
0.219400	0.149787
0.219500	0.245106
0.219600	0.122553
0.219700	0.054468
0.219800	0.285957
0.219900	0.245106
0.220000	-0.054468
0.220100	-0.149787
0.220200	-0.054468
0.220300	0.054468
0.220400	0.108936
0.220500	0.204255
0.220600	0.272340
0.220700	0.122553
0.220800	0.000000
0.220900	0.108936
0.221000	0.108936
0.221100	0.095319
0.221200	0.108936
0.221300	0.190638
0.221400	0.231489
0.221500	0.149787
0.221600	0.040851
0.221700	0.000000
0.221800	0.122553
0.221900	0.149787
0.222000	0.204255
0.222100	0.136170
0.222200	0.068085
0.222300	-0.136170
0.222400	-0.245106
0.222500	0.068085
0.222600	0.272340
0.222700	0.204255
0.222800	0.081702
0.222900	-0.013617
0.223000	0.000000
0.223100	0.136170
0.223200	0.177021
0.223300	0.149787
0.223400	0.204255
0.223500	0.340425
0.223600	0.204255
0.223700	0.149787
0.223800	0.354042
0.223900	0.367659
0.224000	0.081702
0.224100	0.013617
0.224200	0.095319
0.224300	0.163404
0.224400	0.163404
0.224500	0.217872
0.224600	0.231489
0.224700	0.081702
0.224800	-0.054468
0.224900	0.068085
0.225000	0.217872
0.225100	0.245106
0.225200	0.231489
0.225300	0.245106
0.225400	0.381276
0.225500	0.204255
0.225600	-0.040851
0.225700	-0.027234
0.225800	0.149787
0.225900	0.245106
0.226000	0.108936
0.226100	0.245106
0.226200	0.272340
0.226300	0.095319
0.226400	0.122553
0.226500	0.231489
0.226600	0.340425
0.226700	0.299574
0.226800	0.245106
0.226900	0.095319
0.227000	0.027234
0.227100	-0.054468
0.227200	0.000000
0.227300	0.054468
0.227400	0.177021
0.227500	0.136170
0.227600	0.163404
0.227700	0.149787
0.227800	0.177021
0.227900	0.095319
0.228000	0.204255
0.228100	0.163404
0.228200	0.054468
0.228300	0.095319
0.228400	0.095319
0.228500	0.040851
0.228600	0.027234
0.228700	0.054468
0.228800	0.122553
0.228900	0.068085
0.229000	0.027234
0.229100	-0.068085
0.229200	-0.068085
0.229300	-0.027234
0.229400	-0.040851
0.229500	-0.108936
0.229600	-0.122553
0.229700	-0.054468
0.229800	-0.054468
0.229900	-0.013617
0.230000	-0.054468
0.230100	0.000000
0.230200	-0.027234
0.230300	-0.054468
0.230400	-0.040851
0.230500	0.013617
0.230600	0.000000
0.230700	0.095319
0.230800	0.000000
0.230900	-0.013617
0.231000	-0.122553
0.231100	-0.040851
0.231200	0.000000
0.231300	-0.054468
0.231400	-0.081702
0.231500	-0.040851
0.231600	-0.122553
0.231700	-0.190638
0.231800	-0.245106
0.231900	-0.245106
0.232000	-0.272340
0.232100	-0.217872
0.232200	-0.177021
0.232300	-0.122553
0.232400	-0.163404
0.232500	-0.177021
0.232600	-0.136170
0.232700	-0.108936
0.232800	-0.149787
0.232900	-0.163404
0.233000	-0.299574
0.233100	-0.231489
0.233200	-0.149787
0.233300	-0.122553
0.233400	-0.081702
0.233500	-0.054468
0.233600	-0.122553
0.233700	-0.149787
0.233800	-0.081702
0.233900	-0.054468
0.234000	-0.122553
0.234100	-0.136170
0.234200	-0.122553
0.234300	-0.108936
0.234400	-0.136170
0.234500	-0.217872
0.234600	-0.204255
0.234700	-0.136170
0.234800	-0.163404
0.234900	-0.217872
0.235000	-0.177021
0.235100	-0.217872
0.235200	-0.149787
0.235300	-0.177021
0.235400	-0.190638
0.235500	-0.163404
0.235600	-0.245106
0.235700	-0.217872
0.235800	-0.258723
0.235900	-0.354042
0.236000	-0.340425
0.236100	-0.313191
0.236200	-0.408510
0.236300	-0.490212
0.236400	-0.476595
0.236500	-0.354042
0.236600	-0.367659
0.236700	-0.462978
0.236800	-0.503829
0.236900	-0.462978
0.237000	-0.381276
0.237100	-0.490212
0.237200	-0.531063
0.237300	-0.449361
0.237400	-0.326808
0.237500	-0.326808
0.237600	-0.326808
0.237700	-0.285957
0.237800	-0.299574
0.237900	-0.340425
0.238000	-0.367659
0.238100	-0.190638
0.238200	-0.177021
0.238300	-0.163404
0.238400	-0.272340
0.238500	-0.313191
0.238600	-0.326808
0.238700	-0.258723
0.238800	-0.204255
0.238900	-0.313191
0.239000	-0.326808
0.239100	-0.245106
0.239200	-0.299574
0.239300	-0.204255
0.239400	-0.217872
0.239500	-0.245106
0.239600	-0.245106
0.239700	-0.272340
0.239800	-0.245106
0.239900	-0.245106
0.240000	-0.204255
0.240100	-0.231489
0.240200	-0.326808
0.240300	-0.340425
0.240400	-0.367659
0.240500	-0.299574
0.240600	-0.217872
0.240700	-0.204255
0.240800	-0.285957
0.240900	-0.231489
0.241000	-0.299574
0.241100	-0.204255
0.241200	-0.136170
0.241300	-0.204255
0.241400	-0.190638
0.241500	-0.163404
0.241600	-0.163404
0.241700	-0.122553
0.241800	-0.177021
0.241900	-0.122553
0.242000	-0.122553
0.242100	-0.245106
0.242200	-0.245106
0.242300	-0.163404
0.242400	-0.190638
0.242500	-0.231489
0.242600	-0.272340
0.242700	-0.272340
0.242800	-0.285957
0.242900	-0.231489
0.243000	-0.136170
0.243100	-0.177021
0.243200	-0.190638
0.243300	-0.108936
0.243400	-0.054468
0.243500	-0.068085
0.243600	-0.040851
0.243700	-0.054468
0.243800	-0.177021
0.243900	-0.054468
0.244000	-0.027234
0.244100	-0.095319
0.244200	-0.122553
0.244300	-0.081702
0.244400	-0.068085
0.244500	-0.068085
0.244600	-0.054468
0.244700	-0.163404
0.244800	-0.408510
0.244900	-0.626382
0.245000	-0.803403
0.245100	-0.571914
0.245200	-0.285957
0.245300	-0.177021
0.245400	0.081702
0.245500	0.394893
0.245600	0.449361
0.245700	0.299574
0.245800	0.149787
0.245900	-0.040851
0.246000	0.000000
0.246100	0.177021
0.246200	0.149787
0.246300	0.081702
0.246400	0.231489
0.246500	0.367659
0.246600	0.136170
0.246700	-0.190638
0.246800	-0.272340
0.246900	-0.095319
0.247000	0.081702
0.247100	0.027234
0.247200	-0.136170
0.247300	-0.204255
0.247400	-0.013617
0.247500	-0.122553
0.247600	-0.313191
0.247700	-0.122553
0.247800	0.081702
0.247900	0.122553
0.248000	0.013617
0.248100	0.000000
0.248200	0.013617
0.248300	0.163404
0.248400	0.108936
0.248500	-0.040851
0.248600	-0.013617
0.248700	0.081702
0.248800	-0.040851
0.248900	-0.204255
0.249000	-0.313191
0.249100	-0.285957
0.249200	-0.245106
0.249300	-0.435744
0.249400	-0.408510
0.249500	-0.245106
0.249600	-0.095319
0.249700	-0.040851
0.249800	-0.013617
0.249900	-0.040851
0.250000	-0.040851
0.250100	-0.040851
0.250200	0.108936
0.250300	0.149787
0.250400	-0.040851
0.250500	0.013617
0.250600	0.190638
0.250700	0.190638
0.250800	0.149787
0.250900	0.217872
0.251000	0.177021
0.251100	0.027234
0.251200	-0.108936
0.251300	-0.217872
0.251400	-0.081702
0.251500	0.122553
0.251600	0.108936
0.251700	0.013617
0.251800	0.095319
0.251900	0.285957
0.252000	0.040851
0.252100	-0.095319
0.252200	0.040851
0.252300	0.040851
0.252400	0.000000
0.252500	-0.013617
0.252600	0.163404
0.252700	0.313191
0.252800	0.326808
0.252900	0.108936
0.253000	-0.054468
0.253100	0.108936
0.253200	0.149787
0.253300	0.040851
0.253400	-0.040851
0.253500	-0.108936
0.253600	-0.122553
0.253700	-0.231489
0.253800	-0.313191
0.253900	-0.394893
0.254000	-0.204255
0.254100	-0.040851
0.254200	0.027234
0.254300	0.108936
0.254400	0.163404
0.254500	0.190638
0.254600	0.122553
0.254700	0.000000
0.254800	0.054468
0.254900	0.136170
0.255000	0.217872
0.255100	0.285957
0.255200	0.354042
0.255300	0.217872
0.255400	0.340425
0.255500	0.285957
0.255600	0.204255
0.255700	0.177021
0.255800	0.163404
0.255900	0.204255
0.256000	0.217872
0.256100	0.177021
0.256200	0.054468
0.256300	0.122553
0.256400	0.040851
0.256500	0.040851
0.256600	-0.027234
0.256700	-0.027234
0.256800	0.068085
0.256900	0.136170
0.257000	0.163404
0.257100	0.149787
0.257200	0.258723
0.257300	0.190638
0.257400	0.163404
0.257500	0.258723
0.257600	0.217872
0.257700	0.054468
0.257800	-0.054468
0.257900	0.040851
0.258000	-0.040851
0.258100	-0.163404
0.258200	-0.190638
0.258300	-0.040851
0.258400	0.000000
0.258500	0.054468
0.258600	0.027234
0.258700	0.054468
0.258800	0.136170
0.258900	0.108936
0.259000	0.068085
0.259100	0.095319
0.259200	0.027234
0.259300	0.177021
0.259400	0.299574
0.259500	0.367659
0.259600	0.422127
0.259700	0.462978
0.259800	0.476595
0.259900	0.381276
0.260000	0.299574
0.260100	0.163404
0.260200	0.149787
0.260300	0.354042
0.260400	0.476595
0.260500	0.245106
0.260600	0.149787
0.260700	0.231489
0.260800	0.394893
0.260900	0.272340
0.261000	0.231489
0.261100	0.285957
0.261200	0.367659
0.261300	0.313191
0.261400	0.149787
0.261500	0.122553
0.261600	0.272340
0.261700	0.326808
0.261800	0.258723
0.261900	0.204255
0.262000	0.272340
0.262100	0.204255
0.262200	0.217872
0.262300	0.258723
0.262400	0.258723
0.262500	0.258723
0.262600	0.231489
0.262700	0.299574
0.262800	0.367659
0.262900	0.299574
0.263000	0.177021
0.263100	0.108936
0.263200	0.000000
0.263300	-0.027234
0.263400	0.108936
0.263500	0.245106
0.263600	0.285957
0.263700	0.217872
0.263800	0.177021
0.263900	0.258723
0.264000	0.313191
0.264100	0.258723
0.264200	0.163404
0.264300	0.177021
0.264400	0.177021
0.264500	0.054468
0.264600	0.095319
0.264700	0.204255
0.264800	0.299574
0.264900	0.258723
0.265000	0.245106
0.265100	0.285957
0.265200	0.367659
0.265300	0.394893
0.265400	0.367659
0.265500	0.449361
0.265600	0.476595
0.265700	0.340425
0.265800	0.285957
0.265900	0.394893
0.266000	0.435744
0.266100	0.422127
0.266200	0.435744
0.266300	0.381276
0.266400	0.313191
0.266500	0.340425
0.266600	0.490212
0.266700	0.435744
0.266800	0.394893
0.266900	0.313191
0.267000	0.326808
0.267100	0.367659
0.267200	0.381276
0.267300	0.408510
0.267400	0.503829
0.267500	0.476595
0.267600	0.476595
0.267700	0.340425
0.267800	0.394893
0.267900	0.585531
0.268000	0.667233
0.268100	0.721701
0.268200	0.272340
0.268300	0.626382
0.268400	1.116590
0.268500	-0.122553
0.268600	0.476595
0.268700	0.939573
0.268800	-0.490212
0.268900	0.163404
0.269000	0.953190
0.269100	0.340425
0.269200	0.422127
0.269300	0.381276
0.269400	0.122553
0.269500	0.639999
0.269600	0.626382
0.269700	0.490212
0.269800	0.925956
0.269900	0.776169
0.270000	0.667233
0.270100	0.830637
0.270200	0.830637
0.270300	0.912339
0.270400	0.694467
0.270500	0.503829
0.270600	0.680850
0.270700	0.394893
0.270800	0.204255
0.270900	0.558297
0.271000	0.490212
0.271100	0.231489
0.271200	0.258723
0.271300	0.299574
0.271400	0.313191
0.271500	0.503829
0.271600	0.462978
0.271700	0.422127
0.271800	0.558297
0.271900	0.531063
0.272000	0.340425
0.272100	0.381276
0.272200	0.381276
0.272300	0.285957
0.272400	0.299574
0.272500	0.258723
0.272600	0.313191
0.272700	0.190638
0.272800	0.190638
0.272900	0.108936
0.273000	0.068085
0.273100	-0.054468
0.273200	0.040851
0.273300	0.258723
0.273400	0.245106
0.273500	0.054468
0.273600	0.095319
0.273700	0.272340
0.273800	0.272340
0.273900	0.326808
0.274000	0.367659
0.274100	0.231489
0.274200	0.217872
0.274300	0.326808
0.274400	0.381276
0.274500	0.231489
0.274600	0.122553
0.274700	0.108936
0.274800	0.177021
0.274900	0.231489
0.275000	0.095319
0.275100	0.095319
0.275200	0.081702
0.275300	0.136170
0.275400	-0.054468
0.275500	-0.245106
0.275600	-0.177021
0.275700	0.027234
0.275800	0.122553
0.275900	0.149787
0.276000	0.258723
0.276100	0.558297
0.276200	0.803403
0.276300	0.585531
0.276400	0.354042
0.276500	0.367659
0.276600	0.367659
0.276700	0.381276
0.276800	0.326808
0.276900	0.285957
0.277000	0.367659
0.277100	0.531063
0.277200	0.462978
0.277300	0.285957
0.277400	0.258723
0.277500	0.354042
0.277600	0.272340
0.277700	0.258723
0.277800	0.367659
0.277900	0.245106
0.278000	0.217872
0.278100	0.231489
0.278200	0.326808
0.278300	0.571914
0.278400	0.340425
0.278500	0.204255
0.278600	0.340425
0.278700	0.231489
0.278800	0.027234
0.278900	0.163404
0.279000	-0.136170
0.279100	-0.299574
0.279200	-0.313191
0.279300	-0.285957
0.279400	-0.217872
0.279500	-0.163404
0.279600	-0.136170
0.279700	-0.013617
0.279800	-0.095319
0.279900	-0.326808
0.280000	0.027234
0.280100	0.313191
0.280200	0.149787
0.280300	0.231489
0.280400	0.272340
0.280500	0.068085
0.280600	0.013617
0.280700	0.313191
0.280800	0.122553
0.280900	-0.435744
0.281000	-0.585531
0.281100	-0.081702
0.281200	0.217872
0.281300	-0.217872
0.281400	-0.326808
0.281500	0.190638
0.281600	-0.108936
0.281700	-0.231489
0.281800	0.000000
0.281900	-0.245106
0.282000	-0.095319
0.282100	0.381276
0.282200	0.163404
0.282300	-0.122553
0.282400	0.190638
0.282500	0.531063
0.282600	0.163404
0.282700	-0.095319
0.282800	0.054468
0.282900	0.149787
0.283000	0.163404
0.283100	0.163404
0.283200	0.027234
0.283300	-0.068085
0.283400	0.027234
0.283500	0.040851
0.283600	0.000000
0.283700	0.163404
0.283800	0.163404
0.283900	0.122553
0.284000	0.217872
0.284100	-0.040851
0.284200	-0.163404
0.284300	0.054468
0.284400	-0.040851
0.284500	-0.367659
0.284600	-0.163404
0.284700	0.054468
0.284800	0.068085
0.284900	0.163404
0.285000	0.040851
0.285100	-0.217872
0.285200	-0.149787
0.285300	0.040851
0.285400	0.068085
0.285500	-0.095319
0.285600	-0.095319
0.285700	0.095319
0.285800	-0.245106
0.285900	-0.217872
0.286000	0.000000
0.286100	-0.122553
0.286200	-0.149787
0.286300	-0.136170
0.286400	-0.108936
0.286500	0.190638
0.286600	0.054468
0.286700	-0.367659
0.286800	-0.340425
0.286900	-0.245106
0.287000	-0.313191
0.287100	-0.149787
0.287200	-0.299574
0.287300	-0.585531
0.287400	-0.299574
0.287500	-0.462978
0.287600	-0.503829
0.287700	-0.040851
0.287800	-0.258723
0.287900	-0.272340
0.288000	-0.136170
0.288100	-0.299574
0.288200	-0.299574
0.288300	-0.122553
0.288400	-0.068085
0.288500	-0.231489
0.288600	-0.817020
0.288700	-0.708084
0.288800	-0.163404
0.288900	-0.163404
0.289000	-0.612765
0.289100	-0.245106
0.289200	-0.013617
0.289300	-0.462978
0.289400	-0.340425
0.289500	-0.177021
0.289600	-0.449361
0.289700	-0.285957
0.289800	-0.245106
0.289900	-0.544680
0.290000	-0.435744
0.290100	-0.027234
0.290200	-0.013617
0.290300	-0.313191
0.290400	-0.204255
0.290500	-0.163404
0.290600	-0.217872
0.290700	-0.149787
0.290800	-0.177021
0.290900	-0.231489
0.291000	-0.394893
0.291100	-0.462978
0.291200	-0.408510
0.291300	-0.258723
0.291400	-0.136170
0.291500	-0.340425
0.291600	-0.558297
0.291700	-0.599148
0.291800	-0.381276
0.291900	-0.204255
0.292000	-0.231489
0.292100	-0.544680
0.292200	-0.422127
0.292300	-0.068085
0.292400	-0.054468
0.292500	-0.245106
0.292600	-0.217872
0.292700	-0.217872
0.292800	-0.313191
0.292900	-0.354042
0.293000	-0.367659
0.293100	-0.245106
0.293200	-0.299574
0.293300	-0.381276
0.293400	-0.354042
0.293500	-0.476595
0.293600	-0.367659
0.293700	-0.136170
0.293800	-0.190638
0.293900	-0.476595
0.294000	-0.299574
0.294100	-0.231489
0.294200	-0.258723
0.294300	-0.299574
0.294400	-0.354042
0.294500	-0.435744
0.294600	-0.367659
0.294700	-0.340425
0.294800	-0.299574
0.294900	-0.435744
0.295000	-0.422127
0.295100	-0.367659
0.295200	-0.313191
0.295300	-0.136170
0.295400	-0.272340
0.295500	-0.449361
0.295600	-0.285957
0.295700	-0.054468
0.295800	-0.081702
0.295900	-0.204255
0.296000	-0.272340
0.296100	-0.204255
0.296200	-0.108936
0.296300	-0.326808
0.296400	-0.326808
0.296500	-0.231489
0.296600	-0.054468
0.296700	-0.122553
0.296800	-0.217872
0.296900	-0.190638
0.297000	-0.136170
0.297100	-0.040851
0.297200	0.081702
0.297300	-0.068085
0.297400	-0.122553
0.297500	-0.027234
0.297600	-0.068085
0.297700	-0.122553
0.297800	-0.136170
0.297900	0.013617
0.298000	0.122553
0.298100	-0.081702
0.298200	-0.163404
0.298300	-0.122553
0.298400	-0.068085
0.298500	0.000000
0.298600	0.000000
0.298700	-0.040851
0.298800	-0.068085
0.298900	-0.027234
0.299000	-0.122553
0.299100	-0.149787
0.299200	-0.027234
0.299300	-0.108936
0.299400	-0.217872
0.299500	-0.095319
0.299600	-0.013617
0.299700	-0.013617
0.299800	-0.122553
0.299900	-0.149787
