-0.030000	-0.196952
-0.029900	-0.042204
-0.029800	-0.042204
-0.029700	-0.098476
-0.029600	-0.154748
-0.029500	-0.140680
-0.029400	-0.084408
-0.029300	-0.154748
-0.029200	-0.211020
-0.029100	-0.211020
-0.029000	-0.239156
-0.028900	-0.154748
-0.028800	-0.070340
-0.028700	-0.112544
-0.028600	-0.182884
-0.028500	-0.154748
-0.028400	-0.140680
-0.028300	-0.070340
-0.028200	-0.070340
-0.028100	-0.112544
-0.028000	-0.140680
-0.027900	-0.154748
-0.027800	-0.098476
-0.027700	-0.140680
-0.027600	-0.112544
-0.027500	-0.140680
-0.027400	-0.112544
-0.027300	-0.112544
-0.027200	-0.112544
-0.027100	-0.028136
-0.027000	-0.042204
-0.026900	-0.168816
-0.026800	-0.126612
-0.026700	-0.084408
-0.026600	0.042204
-0.026500	-0.042204
-0.026400	-0.126612
-0.026300	-0.154748
-0.026200	-0.112544
-0.026100	-0.070340
-0.026000	-0.112544
-0.025900	-0.084408
-0.025800	-0.098476
-0.025700	-0.140680
-0.025600	-0.182884
-0.025500	-0.140680
-0.025400	-0.070340
-0.025300	-0.042204
-0.025200	-0.112544
-0.025100	-0.182884
-0.025000	-0.140680
-0.024900	-0.056272
-0.024800	-0.042204
-0.024700	-0.070340
-0.024600	-0.056272
-0.024500	-0.112544
-0.024400	-0.126612
-0.024300	-0.168816
-0.024200	-0.126612
-0.024100	-0.028136
-0.024000	0.014068
-0.023900	-0.098476
-0.023800	-0.098476
-0.023700	-0.070340
-0.023600	-0.014068
-0.023500	0.014068
-0.023400	-0.070340
-0.023300	-0.112544
-0.023200	-0.070340
-0.023100	-0.070340
-0.023000	-0.126612
-0.022900	-0.098476
-0.022800	-0.070340
-0.022700	0.000000
-0.022600	-0.140680
-0.022500	-0.154748
-0.022400	-0.154748
-0.022300	-0.154748
-0.022200	-0.070340
-0.022100	-0.056272
-0.022000	0.014068
-0.021900	-0.084408
-0.021800	0.014068
-0.021700	0.014068
-0.021600	-0.042204
-0.021500	-0.112544
-0.021400	-0.126612
-0.021300	-0.070340
-0.021200	0.028136
-0.021100	0.042204
-0.021000	-0.042204
-0.020900	-0.056272
-0.020800	-0.098476
-0.020700	-0.112544
-0.020600	-0.084408
-0.020500	-0.028136
-0.020400	0.000000
-0.020300	-0.070340
-0.020200	-0.098476
-0.020100	-0.112544
-0.020000	-0.112544
-0.019900	-0.042204
-0.019800	0.042204
-0.019700	-0.014068
-0.019600	-0.056272
-0.019500	-0.042204
-0.019400	-0.042204
-0.019300	-0.028136
-0.019200	0.014068
-0.019100	0.042204
-0.019000	0.014068
-0.018900	0.014068
-0.018800	-0.042204
-0.018700	-0.014068
-0.018600	-0.014068
-0.018500	0.014068
-0.018400	-0.028136
-0.018300	0.000000
-0.018200	-0.084408
-0.018100	-0.098476
-0.018000	-0.098476
-0.017900	-0.014068
-0.017800	-0.098476
-0.017700	0.000000
-0.017600	0.042204
-0.017500	0.042204
-0.017400	0.000000
-0.017300	-0.042204
-0.017200	-0.084408
-0.017100	-0.084408
-0.017000	0.056272
-0.016900	0.014068
-0.016800	-0.042204
-0.016700	-0.056272
-0.016600	0.014068
-0.016500	0.042204
-0.016400	-0.014068
-0.016300	-0.042204
-0.016200	-0.042204
-0.016100	-0.056272
-0.016000	-0.028136
-0.015900	-0.014068
-0.015800	-0.014068
-0.015700	-0.028136
-0.015600	0.000000
-0.015500	-0.070340
-0.015400	-0.014068
-0.015300	-0.056272
-0.015200	-0.028136
-0.015100	-0.014068
-0.015000	0.042204
-0.014900	0.028136
-0.014800	0.000000
-0.014700	0.014068
-0.014600	-0.028136
-0.014500	0.042204
-0.014400	0.014068
-0.014300	0.056272
-0.014200	0.014068
-0.014100	-0.056272
-0.014000	-0.056272
-0.013900	0.042204
-0.013800	0.140680
-0.013700	0.070340
-0.013600	0.000000
-0.013500	0.028136
-0.013400	-0.056272
-0.013300	-0.042204
-0.013200	-0.028136
-0.013100	0.000000
-0.013000	-0.028136
-0.012900	-0.098476
-0.012800	-0.070340
-0.012700	-0.098476
-0.012600	0.000000
-0.012500	0.028136
-0.012400	-0.042204
-0.012300	-0.042204
-0.012200	-0.028136
-0.012100	0.014068
-0.012000	0.028136
-0.011900	-0.014068
-0.011800	-0.042204
-0.011700	-0.028136
-0.011600	0.014068
-0.011500	-0.042204
-0.011400	-0.014068
-0.011300	-0.070340
-0.011200	0.014068
-0.011100	0.042204
-0.011000	-0.014068
-0.010900	-0.028136
-0.010800	-0.014068
-0.010700	-0.028136
-0.010600	0.056272
-0.010500	0.070340
-0.010400	-0.028136
-0.010300	0.028136
-0.010200	-0.028136
-0.010100	0.000000
-0.010000	-0.042204
-0.009900	0.056272
-0.009800	-0.028136
-0.009700	-0.014068
-0.009600	-0.014068
-0.009500	0.042204
-0.009400	0.042204
-0.009300	-0.014068
-0.009200	0.014068
-0.009100	0.014068
-0.009000	-0.014068
-0.008900	0.042204
-0.008800	0.000000
-0.008700	0.042204
-0.008600	0.042204
-0.008500	0.042204
-0.008400	0.042204
-0.008300	0.098476
-0.008200	0.070340
-0.008100	0.056272
-0.008000	0.042204
-0.007900	0.028136
-0.007800	0.056272
-0.007700	0.056272
-0.007600	0.070340
-0.007500	-0.070340
-0.007400	-0.070340
-0.007300	-0.014068
-0.007200	0.042204
-0.007100	0.000000
-0.007000	-0.014068
-0.006900	-0.112544
-0.006800	-0.070340
-0.006700	-0.014068
-0.006600	0.000000
-0.006500	-0.014068
-0.006400	0.014068
-0.006300	-0.014068
-0.006200	0.042204
-0.006100	0.042204
-0.006000	0.014068
-0.005900	0.070340
-0.005800	0.042204
-0.005700	0.000000
-0.005600	-0.042204
-0.005500	0.042204
-0.005400	0.084408
-0.005300	0.098476
-0.005200	0.056272
-0.005100	0.042204
-0.005000	0.042204
-0.004900	0.056272
-0.004800	0.014068
-0.004700	0.000000
-0.004600	0.070340
-0.004500	0.042204
-0.004400	-0.056272
-0.004300	-0.154748
-0.004200	-0.126612
-0.004100	-0.056272
-0.004000	0.056272
-0.003900	0.056272
-0.003800	-0.070340
-0.003700	-0.042204
-0.003600	-0.014068
-0.003500	-0.042204
-0.003400	-0.014068
-0.003300	0.000000
-0.003200	0.014068
-0.003100	0.000000
-0.003000	0.042204
-0.002900	0.000000
-0.002800	-0.042204
-0.002700	-0.042204
-0.002600	-0.112544
-0.002500	0.000000
-0.002400	0.098476
-0.002300	0.000000
-0.002200	0.028136
-0.002100	0.042204
-0.002000	0.042204
-0.001900	-0.014068
-0.001800	-0.056272
-0.001700	0.000000
-0.001600	0.000000
-0.001500	0.028136
-0.001400	-0.042204
-0.001300	-0.056272
-0.001200	-0.014068
-0.001100	0.028136
-0.001000	0.028136
-0.000900	-0.028136
-0.000800	-0.014068
-0.000700	0.042204
-0.000600	0.042204
-0.000500	0.042204
-0.000400	0.028136
-0.000300	-0.014068
-0.000200	0.084408
-0.000100	0.140680
0.000000	0.028136
0.000100	-0.028136
0.000200	0.042204
0.000300	0.042204
0.000400	0.042204
0.000500	0.000000
0.000600	-0.014068
0.000700	0.070340
0.000800	0.070340
0.000900	-0.028136
0.001000	-0.098476
0.001100	-0.084408
0.001200	0.056272
0.001300	0.098476
0.001400	0.056272
0.001500	-0.098476
0.001600	0.014068
0.001700	0.084408
0.001800	0.112544
0.001900	0.014068
0.002000	-0.056272
0.002100	0.000000
0.002200	0.070340
0.002300	0.014068
0.002400	0.042204
0.002500	0.154748
0.002600	0.126612
0.002700	0.056272
0.002800	0.042204
0.002900	0.042204
0.003000	0.042204
0.003100	0.098476
0.003200	0.070340
0.003300	0.042204
0.003400	0.126612
0.003500	0.211020
0.003600	0.239156
0.003700	0.309496
0.003800	0.407972
0.003900	0.506448
0.004000	0.576788
0.004100	0.548652
0.004200	0.647128
0.004300	0.731536
0.004400	0.717468
0.004500	0.773740
0.004600	0.830012
0.004700	0.689332
0.004800	0.815944
0.004900	1.125440
0.005000	1.280190
0.005100	1.139510
0.005200	1.069170
0.005300	1.266120
0.005400	1.097300
0.005500	0.773740
0.005600	0.661196
0.005700	0.548652
0.005800	0.154748
0.005900	-0.422040
0.006000	-0.801876
0.006100	-0.717468
0.006200	-0.225088
0.006300	0.492380
0.006400	0.858148
0.006500	0.548652
0.006600	0.239156
0.006700	0.351700
0.006800	0.590856
0.006900	0.478312
0.007000	0.182884
0.007100	0.042204
0.007200	-0.295428
0.007300	-0.858148
0.007400	-1.153580
0.007500	-1.167640
0.007600	-1.055100
0.007700	-0.295428
0.007800	1.097300
0.007900	1.758500
0.008000	1.477140
0.008100	1.927320
0.008200	3.291910
0.008300	4.543960
0.008400	5.303640
0.008500	5.669400
0.008600	5.303640
0.008700	4.487690
0.008800	3.798360
0.008900	3.137160
0.009000	1.364600
0.009100	0.450176
0.009200	2.475970
0.009300	2.152400
0.009400	-3.531070
0.009500	-6.738570
0.009600	-2.954280
0.009700	0.478312
0.009800	-0.323564
0.009900	1.125440
0.010000	5.599060
0.010100	4.980070
0.010200	-0.140680
0.010300	-2.068000
0.010400	-1.955450
0.010500	-3.531070
0.010600	-4.769050
0.010700	-4.318880
0.010800	-5.289570
0.010900	-8.117240
0.011000	-10.030500
0.011100	-8.018760
0.011200	-4.375150
0.011300	-2.096130
0.011400	-1.294260
0.011500	-1.997660
0.011600	-3.151230
0.011700	1.209850
0.011800	7.652990
0.011900	4.783120
0.012000	-3.221570
0.012100	-2.166470
0.012200	5.964830
0.012300	5.838220
0.012400	-3.207500
0.012500	-9.327080
0.012600	-8.215710
0.012700	-2.701060
0.012800	5.866360
0.012900	7.441970
0.013000	-1.392730
0.013100	-7.864010
0.013200	-9.045720
0.013300	-10.171200
0.013400	1.491210
0.013500	11.606100
0.013600	-4.262600
0.013700	-7.596720
0.013800	28.487700
0.013900	45.495899
0.014000	2.152400
0.014100	-39.812401
0.014200	-0.351700
0.014300	55.216900
0.014400	31.076200
0.014500	-13.322400
0.014600	-15.896800
0.014700	-19.034000
0.014800	-11.240300
0.014900	23.282499
0.015000	9.805400
0.015100	-34.241501
0.015200	-16.220400
0.015300	39.502899
0.015400	40.937901
0.015500	-3.840560
0.015600	-30.175900
0.015700	18.358700
0.015800	102.695999
0.015900	79.202797
0.016000	-45.453701
0.016100	-73.237999
0.016200	7.216880
0.016300	37.646000
0.016400	11.578000
0.016500	10.902700
0.016600	27.066799
0.016700	28.473600
0.016800	7.315360
0.016900	-23.366899
0.017000	-16.178200
0.017100	12.647100
0.017200	25.955500
0.017300	50.701099
0.017400	37.828899
0.017500	-52.262600
0.017600	-74.377502
0.017700	27.671801
0.017800	80.806602
0.017900	0.225088
0.018000	-46.621399
0.018100	-7.343500
0.018200	10.902700
0.018300	-11.704600
0.018400	-32.046902
0.018500	-20.257900
0.018600	34.283699
0.018700	53.936699
0.018800	-33.073898
0.018900	-84.070396
0.019000	-35.409199
0.019100	-15.165300
0.019200	-16.332899
0.019300	31.990601
0.019400	32.145401
0.019500	-47.606098
0.019600	-71.085602
0.019700	-35.606098
0.019800	-12.984800
0.019900	13.125400
0.020000	41.908600
0.020100	45.692902
0.020200	23.409201
0.020300	-9.003520
0.020400	-45.495899
0.020500	-66.218102
0.020600	-33.299000
0.020700	38.757301
0.020800	63.151299
0.020900	19.202801
0.021000	-27.165300
0.021100	-53.880402
0.021200	-58.790199
0.021300	-2.644780
0.021400	89.134804
0.021500	123.474998
0.021600	56.201698
0.021700	-62.025799
0.021800	-111.897003
0.021900	-46.635399
0.022000	19.695200
0.022100	9.974210
0.022200	16.670601
0.022300	85.913300
0.022400	101.121002
0.022500	6.991800
0.022600	-72.323601
0.022700	-35.367001
0.022800	43.034000
0.022900	60.816002
0.023000	17.008200
0.023100	-5.725680
0.023200	6.302460
0.023300	-16.473600
0.023400	-49.294300
0.023500	-31.864000
0.023600	-2.546310
0.023700	-11.648300
0.023800	-6.302460
0.023900	35.395100
0.024000	52.304798
0.024100	21.073900
0.024200	-18.682301
0.024300	-38.053902
0.024400	-11.957800
0.024500	63.882801
0.024600	116.427002
0.024700	81.538101
0.024800	26.630699
0.024900	21.214500
0.025000	31.864000
0.025100	16.332899
0.025200	-13.561600
0.025300	-15.010600
0.025400	9.130130
0.025500	19.441999
0.025600	-1.223920
0.025700	-19.582701
0.025800	-12.984800
0.025900	-23.085600
0.026000	-53.500599
0.026100	-56.567402
0.026200	-29.430300
0.026300	-15.221600
0.026400	-16.642401
0.026500	-18.091400
0.026600	-14.898000
0.026700	-5.444320
0.026800	-12.239200
0.026900	-30.232100
0.027000	-24.872200
0.027100	-13.491200
0.027200	-17.669399
0.027300	-21.313000
0.027400	-15.798400
0.027500	-1.280190
0.027600	8.581480
0.027700	4.164130
0.027800	-20.623699
0.027900	-39.207500
0.028000	-26.771400
0.028100	-15.235600
0.028200	-17.613100
0.028300	-2.546310
0.028400	27.404499
0.028500	19.188801
0.028600	-16.614300
0.028700	-18.091400
0.028800	-6.246190
0.028900	-23.381001
0.029000	-27.291901
0.029100	7.681130
0.029200	24.534599
0.029300	-11.366900
0.029400	-49.027000
0.029500	-32.004700
0.029600	10.129000
0.029700	18.851101
0.029800	-2.363420
0.029900	-19.188801
0.030000	-12.112500
0.030100	1.237980
0.030200	11.099700
0.030300	34.044601
0.030400	55.948399
0.030500	21.805401
0.030600	-39.573299
0.030700	-30.133699
0.030800	44.933201
0.030900	79.146599
0.031000	39.123100
0.031100	-2.504100
0.031200	0.675264
0.031300	11.774900
0.031400	-0.548652
0.031500	-14.039900
0.031600	-2.391560
0.031700	34.044601
0.031800	44.609600
0.031900	4.712780
0.032000	-30.471300
0.032100	-27.207500
0.032200	-5.922630
0.032300	13.041000
0.032400	33.678799
0.032500	40.431400
0.032600	8.525210
0.032700	-25.983601
0.032800	-17.064501
0.032900	10.663500
0.033000	14.011700
0.033100	1.997660
0.033200	0.239156
0.033300	2.208680
0.033400	2.124270
0.033500	9.242680
0.033600	29.303600
0.033700	40.403301
0.033800	7.582650
0.033900	-46.494701
0.034000	-40.220402
0.034100	36.984798
0.034200	88.220398
0.034300	46.438499
0.034400	-34.959000
0.034500	-74.743301
0.034600	-60.084400
0.034700	-1.012900
0.034800	49.477200
0.034900	47.409199
0.035000	6.189920
0.035100	-22.888599
0.035200	-18.837099
0.035300	-18.175900
0.035400	-36.225101
0.035500	-17.964800
0.035600	42.330601
0.035700	69.158302
0.035800	32.651798
0.035900	-23.451401
0.036000	-43.442001
0.036100	-10.593200
0.036200	15.742100
0.036300	-11.113700
0.036400	-27.291901
0.036500	0.379836
0.036600	7.456040
0.036700	-23.282499
0.036800	-31.526400
0.036900	-14.968400
0.037000	-4.909730
0.037100	1.856980
0.037200	3.531070
0.037300	-1.674090
0.037400	1.153580
0.037500	-12.422000
0.037600	-25.012899
0.037700	-9.369290
0.037800	6.063310
0.037900	10.705700
0.038000	9.439630
0.038100	-8.032830
0.038200	-26.391600
0.038300	-33.946098
0.038400	-12.253200
0.038500	57.228600
0.038600	107.085999
0.038700	56.412701
0.038800	-47.521702
0.038900	-78.527603
0.039000	-20.314199
0.039100	51.826500
0.039200	62.574501
0.039300	3.615480
0.039400	-28.684700
0.039500	-6.316530
0.039600	-7.132480
0.039700	-29.430300
0.039800	-12.492400
0.039900	33.369301
0.040000	64.178200
0.040100	27.938999
0.040200	-42.133701
0.040300	-43.259102
0.040400	-12.717500
0.040500	-29.880400
0.040600	-18.077400
0.040700	57.833500
0.040800	58.143002
0.040900	-30.485399
0.041000	-35.549801
0.041100	44.187599
0.041200	68.384499
0.041300	15.601400
0.041400	-44.046902
0.041500	-65.261497
0.041600	-9.481830
0.041700	86.461899
0.041800	88.994202
0.041900	-26.068001
0.042000	-125.739998
0.042100	-120.449997
0.042200	-16.121901
0.042300	80.919098
0.042400	63.024601
0.042500	-10.129000
0.042600	-34.691700
0.042700	-21.594400
0.042800	-35.127800
0.042900	-53.894501
0.043000	-24.816000
0.043100	33.875702
0.043200	88.192299
0.043300	94.255600
0.043400	27.812401
0.043500	-34.340000
0.043600	-44.454899
0.043700	-38.476002
0.043800	-14.222700
0.043900	27.235600
0.044000	21.313000
0.044100	-16.783100
0.044200	-18.499399
0.044300	3.376320
0.044400	-9.116060
0.044500	-17.964800
0.044600	21.622499
0.044700	41.599098
0.044800	22.269600
0.044900	-3.474800
0.045000	-26.419701
0.045100	-31.329399
0.045200	-8.679960
0.045300	-6.232120
0.045400	-21.580299
0.045500	-2.898010
0.045600	19.090300
0.045700	18.921499
0.045800	36.534599
0.045900	40.572102
0.046000	-9.284880
0.046100	-37.561600
0.046200	-16.290701
0.046300	7.146540
0.046400	26.968399
0.046500	19.526400
0.046600	-22.522900
0.046700	-19.245001
0.046800	48.590900
0.046900	56.243900
0.047000	-14.265000
0.047100	-39.924999
0.047200	-2.349360
0.047300	24.590900
0.047400	16.628401
0.047500	-2.785460
0.047600	-10.114900
0.047700	-11.127800
0.047800	-17.613100
0.047900	-5.810080
0.048000	11.352900
0.048100	-17.866400
0.048200	-63.052799
0.048300	-32.567402
0.048400	40.811298
0.048500	45.411499
0.048600	11.774900
0.048700	23.929701
0.048800	37.646000
0.048900	-3.193440
0.049000	-35.817101
0.049100	-16.853500
0.049200	20.286100
0.049300	43.962502
0.049400	21.172300
0.049500	-32.665901
0.049600	-35.240299
0.049700	6.105510
0.049800	7.906220
0.049900	-19.076200
0.050000	-13.772600
0.050100	-1.083240
0.050200	-4.473620
0.050300	-1.631890
0.050400	2.855800
0.050500	1.575620
0.050600	-1.589680
0.050700	-22.129000
0.050800	-45.903900
0.050900	-26.785500
0.051000	20.032801
0.051100	36.816002
0.051200	1.899180
0.051300	-34.100800
0.051400	-26.996500
0.051500	3.868700
0.051600	12.281400
0.051700	-29.416201
0.051800	-51.798401
0.051900	5.064480
0.052000	47.099701
0.052100	0.070340
0.052200	-42.668201
0.052300	-3.629540
0.052400	59.057499
0.052500	53.444302
0.052600	-15.376300
0.052700	-40.572102
0.052800	-2.461900
0.052900	-3.418520
0.053000	-58.860500
0.053100	-68.398598
0.053200	4.529900
0.053300	70.269699
0.053400	45.228600
0.053500	-33.946098
0.053600	-63.024601
0.053700	-24.886299
0.053800	12.759700
0.053900	33.946098
0.054000	55.976601
0.054100	56.539299
0.054200	6.330600
0.054300	-51.939098
0.054400	-56.103199
0.054500	-23.029301
0.054600	-7.667060
0.054700	-15.291900
0.054800	-14.912100
0.054900	12.647100
0.055000	61.463100
0.055100	60.689400
0.055200	-16.375200
0.055300	-63.601398
0.055400	-17.964800
0.055500	40.051601
0.055600	54.682301
0.055700	26.799500
0.055800	-27.938999
0.055900	-48.295399
0.056000	10.860500
0.056100	72.042198
0.056200	34.607300
0.056300	-28.754999
0.056400	-24.028099
0.056500	13.055100
0.056600	10.832400
0.056700	-47.169998
0.056800	-68.060997
0.056900	3.742090
0.057000	78.977798
0.057100	49.378700
0.057200	-47.282501
0.057300	-65.472504
0.057400	24.197001
0.057500	88.811302
0.057600	33.200500
0.057700	-82.269699
0.057800	-96.211098
0.057900	22.129000
0.058000	81.580299
0.058100	-13.505300
0.058200	-107.930000
0.058300	-59.184101
0.058400	49.561600
0.058500	69.116096
0.058600	5.542790
0.058700	-34.508801
0.058800	-29.064501
0.058900	-17.064501
0.059000	4.079720
0.059100	33.749100
0.059200	42.865200
0.059300	5.514660
0.059400	-42.597900
0.059500	-30.091499
0.059600	30.021099
0.059700	54.035198
0.059800	1.997660
0.059900	-30.766701
0.060000	7.104340
0.060100	38.490002
0.060200	-7.202820
0.060300	-78.232101
0.060400	-92.665901
0.060500	-35.395100
0.060600	42.569801
0.060700	65.613197
0.060800	38.307201
0.060900	33.566200
0.061000	33.847599
0.061100	-17.458401
0.061200	-52.107899
0.061300	-20.089100
0.061400	37.252102
0.061500	56.750301
0.061600	11.057400
0.061700	-48.492401
0.061800	-55.034000
0.061900	-28.754999
0.062000	-16.051600
0.062100	-0.379836
0.062200	22.832399
0.062300	34.832401
0.062400	18.415001
0.062500	-26.926201
0.062600	-36.970699
0.062700	9.608440
0.062800	38.377499
0.062900	6.893320
0.063000	-35.943699
0.063100	-32.778400
0.063200	3.165300
0.063300	23.507601
0.063400	32.243900
0.063500	43.343498
0.063600	23.690500
0.063700	-8.778430
0.063800	-10.508800
0.063900	-25.814800
0.064000	-37.252102
0.064100	11.310700
0.064200	68.060997
0.064300	60.351700
0.064400	-5.542790
0.064500	-58.016399
0.064600	-54.007099
0.064700	-11.113700
0.064800	16.403299
0.064900	-5.739740
0.065000	-35.127800
0.065100	-25.420900
0.065200	-1.533410
0.065300	-9.763190
0.065400	-17.219200
0.065500	0.309496
0.065600	20.004700
0.065700	22.213400
0.065800	-0.042204
0.065900	-19.526400
0.066000	-16.332899
0.066100	-4.684640
0.066200	1.913250
0.066300	7.934350
0.066400	30.344700
0.066500	39.193401
0.066600	4.220400
0.066700	-39.671799
0.066800	-51.306000
0.066900	-29.134800
0.067000	0.098476
0.067100	16.853500
0.067200	8.089100
0.067300	-19.624901
0.067400	-33.467800
0.067500	-9.045720
0.067600	34.818298
0.067700	44.089100
0.067800	9.594380
0.067900	-28.839399
0.068000	-46.269699
0.068100	-24.830000
0.068200	19.512300
0.068300	32.032799
0.068400	1.336460
0.068500	-21.510000
0.068600	-8.820640
0.068700	2.757330
0.068800	-14.321200
0.068900	-34.438499
0.069000	-13.252100
0.069100	17.866400
0.069200	-10.311800
0.069300	-51.418499
0.069400	-31.568600
0.069500	25.280199
0.069600	50.672901
0.069700	15.137200
0.069800	-39.390400
0.069900	-52.304798
0.070000	-19.034000
0.070100	10.536900
0.070200	15.320100
0.070300	23.170000
0.070400	34.325901
0.070500	25.139500
0.070600	-3.460730
0.070700	-29.838200
0.070800	-30.921499
0.070900	0.253224
0.071000	27.924999
0.071100	19.245001
0.071200	-5.866360
0.071300	-10.114900
0.071400	2.672920
0.071500	8.440800
0.071600	2.461900
0.071700	-5.036340
0.071800	-8.384530
0.071900	-4.332940
0.072000	9.538100
0.072100	20.834700
0.072200	14.715100
0.072300	-7.202820
0.072400	-29.331800
0.072500	-28.276699
0.072600	-4.487690
0.072700	22.283701
0.072800	37.871101
0.072900	26.799500
0.073000	-18.991800
0.073100	-64.952003
0.073200	-61.420898
0.073300	-8.103170
0.073400	44.314201
0.073500	48.182899
0.073600	6.752640
0.073700	-35.549801
0.073800	-38.813599
0.073900	-14.321200
0.074000	5.134820
0.074100	5.036340
0.074200	-9.805400
0.074300	-19.484200
0.074400	-8.468940
0.074500	9.960140
0.074600	15.446700
0.074700	8.919110
0.074800	-3.348180
0.074900	-18.443100
0.075000	-27.854601
0.075100	-25.927299
0.075200	-10.058600
0.075300	12.647100
0.075400	26.771400
0.075500	15.446700
0.075600	-14.658900
0.075700	-27.826500
0.075800	-8.103170
0.075900	17.993000
0.076000	22.621300
0.076100	4.347010
0.076200	-16.079700
0.076300	-18.330601
0.076400	-2.630720
0.076500	6.935520
0.076600	2.068000
0.076700	-1.012900
0.076800	2.560380
0.076900	-4.670580
0.077000	-20.665899
0.077100	-20.665899
0.077200	-4.529900
0.077300	8.468940
0.077400	11.451400
0.077500	3.587340
0.077600	-13.660000
0.077700	-26.869900
0.077800	-20.876900
0.077900	0.351700
0.078000	15.348200
0.078100	11.155900
0.078200	-1.237980
0.078300	-5.486520
0.078400	-0.253224
0.078500	6.429080
0.078600	10.185200
0.078700	12.647100
0.078800	14.321200
0.078900	5.120750
0.079000	-14.813600
0.079100	-17.247400
0.079200	6.949590
0.079300	25.111401
0.079400	16.178200
0.079500	-3.080890
0.079600	-13.547500
0.079700	-13.800700
0.079800	-10.368100
0.079900	-0.351700
0.080000	16.220400
0.080100	22.916800
0.080200	12.140700
0.080300	-1.561550
0.080400	-7.470110
0.080500	-6.429080
0.080600	2.194610
0.080700	11.634200
0.080800	11.366900
0.080900	6.752640
0.081000	4.135990
0.081100	0.998828
0.081200	-5.345840
0.081300	-9.960140
0.081400	-8.173510
0.081500	-1.392730
0.081600	6.429080
0.081700	10.846400
0.081800	6.147720
0.081900	-1.871040
0.082000	-0.886284
0.082100	4.093790
0.082200	-1.153580
0.082300	-7.962490
0.082400	-3.545140
0.082500	0.492380
0.082600	-1.941380
0.082700	-0.407972
0.082800	11.254400
0.082900	20.539301
0.083000	14.363400
0.083100	-1.280190
0.083200	-8.511140
0.083300	-5.022280
0.083400	-1.055100
0.083500	4.909730
0.083600	13.519300
0.083700	12.900400
0.083800	2.926140
0.083900	-4.698710
0.084000	-9.228610
0.084100	-9.594380
0.084200	-1.434940
0.084300	11.704600
0.084400	15.657700
0.084500	6.429080
0.084600	-1.772570
0.084700	-1.449000
0.084800	-0.281360
0.084900	-1.674090
0.085000	1.069170
0.085100	8.651820
0.085200	10.452500
0.085300	4.586170
0.085400	-0.407972
0.085500	1.660020
0.085600	7.821810
0.085700	9.284880
0.085800	2.602580
0.085900	-4.093790
0.086000	0.042204
0.086100	12.239200
0.086200	15.334100
0.086300	5.486520
0.086400	-1.294260
0.086500	-1.223920
0.086600	-1.716300
0.086700	0.028136
0.086800	7.104340
0.086900	12.830000
0.087000	10.072700
0.087100	2.701060
0.087200	-0.815944
0.087300	0.422040
0.087400	2.039860
0.087500	2.335290
0.087600	2.194610
0.087700	-0.154748
0.087800	-3.165300
0.087900	-1.392730
0.088000	3.010550
0.088100	1.266120
0.088200	-6.021100
0.088300	-6.935520
0.088400	0.506448
0.088500	5.894490
0.088600	3.446660
0.088700	-2.194610
0.088800	-0.661196
0.088900	8.764360
0.089000	13.322400
0.089100	8.032830
0.089200	3.066820
0.089300	3.432590
0.089400	4.754980
0.089500	2.869870
0.089600	-1.505280
0.089700	-3.685820
0.089800	-2.011720
0.089900	-0.309496
0.090000	0.253224
0.090100	1.871040
0.090200	-0.393904
0.090300	-4.614300
0.090400	-2.068000
0.090500	1.111370
0.090600	-2.068000
0.090700	-4.501760
0.090800	-1.322390
0.090900	0.773740
0.091000	-1.420870
0.091100	-3.235640
0.091200	-3.404460
0.091300	-0.379836
0.091400	2.349360
0.091500	1.167640
0.091600	-0.323564
0.091700	-1.322390
0.091800	-4.529900
0.091900	-5.992970
0.092000	-3.798360
0.092100	-0.858148
0.092200	-1.097300
0.092300	-1.800700
0.092400	3.193440
0.092500	3.995310
0.092600	-5.739740
0.092700	-13.477100
0.092800	-6.358740
0.092900	6.260260
0.093000	8.103170
0.093100	3.137160
0.093200	-0.393904
0.093300	-5.627200
0.093400	-12.351700
0.093500	-9.158270
0.093600	1.786640
0.093700	6.583820
0.093800	5.697540
0.093900	19.146500
0.094000	29.753799
0.094100	0.309496
0.094200	-37.603802
0.094300	-26.926201
0.094400	11.943700
0.094500	24.154800
0.094600	7.540450
0.094700	-5.458380
0.094800	-0.450176
0.094900	4.614300
0.095000	-19.793699
0.095100	-47.184101
0.095200	-27.094999
0.095300	14.869900
0.095400	19.723301
0.095500	1.449000
0.095600	-6.654160
0.095700	-13.688200
0.095800	-15.306000
0.095900	-6.977730
0.096000	3.179370
0.096100	26.053900
0.096200	44.032799
0.096300	16.318899
0.096400	-20.075001
0.096500	-15.967200
0.096600	-1.561550
0.096700	-7.371630
0.096800	-17.922600
0.096900	3.305980
0.097000	39.812401
0.097100	23.732700
0.097200	-28.825300
0.097300	-42.499401
0.097400	-4.262600
0.097500	38.982399
0.097600	52.952000
0.097700	30.569799
0.097800	-18.893299
0.097900	-59.606098
0.098000	-39.502899
0.098100	23.774900
0.098200	44.201698
0.098300	8.032830
0.098400	-18.499399
0.098500	-8.792500
0.098600	3.404460
0.098700	-1.899180
0.098800	-9.903870
0.098900	-1.055100
0.099000	8.694020
0.099100	-8.173510
0.099200	-28.712799
0.099300	-18.935499
0.099400	9.481830
0.099500	30.738600
0.099600	35.001202
0.099700	19.596701
0.099800	-10.762000
0.099900	-33.721001
0.100000	-24.211000
0.100100	1.814770
0.100200	8.708090
0.100300	4.206330
0.100400	10.340000
0.100500	17.275499
0.100600	12.028100
0.100700	-12.675300
0.100800	-32.609600
0.100900	-16.797199
0.101000	10.551000
0.101100	20.806601
0.101200	9.861670
0.101300	-13.167600
0.101400	-26.124300
0.101500	-11.845300
0.101600	5.950760
0.101700	6.077380
0.101800	-2.391560
0.101900	-6.260260
0.102000	-2.011720
0.102100	6.569760
0.102200	10.325900
0.102300	10.832400
0.102400	10.396300
0.102500	0.478312
0.102600	-13.406800
0.102700	-6.654160
0.102800	15.418500
0.102900	27.094999
0.103000	21.847601
0.103100	14.096100
0.103200	16.276699
0.103300	16.572100
0.103400	-1.322390
0.103500	-16.150101
0.103600	1.660020
0.103700	31.484200
0.103800	30.724501
0.103900	-0.140680
0.104000	-23.789000
0.104100	-16.980101
0.104200	7.371630
0.104300	19.835899
0.104400	11.592000
0.104500	-4.276670
0.104600	-14.039900
0.104700	-11.015200
0.104800	-4.951940
0.104900	-6.907390
0.105000	-1.505280
0.105100	15.474800
0.105200	18.105499
0.105300	0.590856
0.105400	-11.718600
0.105500	-9.017590
0.105600	-4.276670
0.105700	-1.941380
0.105800	5.373980
0.105900	17.289600
0.106000	23.085600
0.106100	14.841700
0.106200	0.225088
0.106300	-3.854630
0.106400	-3.390390
0.106500	-10.410300
0.106600	-8.060960
0.106700	8.764360
0.106800	14.011700
0.106900	0.084408
0.107000	-9.847600
0.107100	-4.529900
0.107200	2.208680
0.107300	0.731536
0.107400	-0.126612
0.107500	6.344670
0.107600	9.608440
0.107700	3.137160
0.107800	-2.377490
0.107900	1.561550
0.108000	4.501760
0.108100	-1.294260
0.108200	-4.670580
0.108300	2.293080
0.108400	10.776100
0.108500	12.154800
0.108600	7.118410
0.108700	2.672920
0.108800	0.872216
0.108900	-5.064480
0.109000	-10.959000
0.109100	-2.926140
0.109200	9.974210
0.109300	9.003520
0.109400	-0.590856
0.109500	-7.484180
0.109600	-12.731500
0.109700	-12.872200
0.109800	-2.644780
0.109900	7.554520
0.110000	5.585000
0.110100	-2.602580
0.110200	-3.995310
0.110300	-0.886284
0.110400	-1.603750
0.110500	-3.080890
0.110600	0.098476
0.110700	4.740920
0.110800	6.640100
0.110900	3.207500
0.111000	-4.234470
0.111100	-8.764360
0.111200	-7.146540
0.111300	-3.348180
0.111400	3.404460
0.111500	12.042200
0.111600	12.745600
0.111700	3.587340
0.111800	-4.220400
0.111900	-5.852290
0.112000	-5.683470
0.112100	-2.968350
0.112200	1.012900
0.112300	2.532240
0.112400	4.023450
0.112500	3.066820
0.112600	-3.587340
0.112700	-5.359910
0.112800	0.689332
0.112900	1.955450
0.113000	-0.998828
0.113100	0.604924
0.113200	2.321220
0.113300	0.618992
0.113400	2.996480
0.113500	6.372800
0.113600	0.407972
0.113700	-4.966000
0.113800	2.011720
0.113900	12.576800
0.114000	14.644800
0.114100	6.513480
0.114200	-3.137160
0.114300	-1.561550
0.114400	8.708090
0.114500	13.167600
0.114600	8.201640
0.114700	-2.250880
0.114800	-11.057400
0.114900	-8.314190
0.115000	3.404460
0.115100	8.862840
0.115200	3.488860
0.115300	-1.617820
0.115400	-0.281360
0.115500	0.014068
0.115600	-3.798360
0.115700	-3.685820
0.115800	3.418520
0.115900	10.888600
0.116000	9.903870
0.116100	-1.392730
0.116200	-7.906220
0.116300	1.913250
0.116400	13.167600
0.116500	10.846400
0.116600	0.830012
0.116700	-7.357560
0.116800	-5.641270
0.116900	5.162960
0.117000	13.730400
0.117100	15.320100
0.117200	12.239200
0.117300	2.433760
0.117400	-8.131300
0.117500	-9.608440
0.117600	-5.036340
0.117700	0.112544
0.117800	4.656510
0.117900	3.924970
0.118000	-0.647128
0.118100	-3.179370
0.118200	-3.432590
0.118300	-3.249710
0.118400	-1.842910
0.118500	0.084408
0.118600	2.630720
0.118700	0.337632
0.118800	-6.077380
0.118900	-8.046900
0.119000	-3.882770
0.119100	3.671750
0.119200	8.356390
0.119300	3.643610
0.119400	-4.347010
0.119500	-4.276670
0.119600	1.491210
0.119700	0.815944
0.119800	-4.290740
0.119900	-3.685820
0.120000	-0.154748
0.120100	0.548652
0.120200	-0.225088
0.120300	-3.362250
0.120400	-5.430250
0.120500	-0.506448
0.120600	5.922630
0.120700	6.668230
0.120800	3.784290
0.120900	0.928488
0.121000	-2.138340
0.121100	-4.206330
0.121200	-3.573270
0.121300	-1.589680
0.121400	1.505280
0.121500	5.275500
0.121600	6.766710
0.121700	4.712780
0.121800	-2.039860
0.121900	-6.527550
0.122000	-0.956624
0.122100	6.288400
0.122200	4.895660
0.122300	0.351700
0.122400	-0.014068
0.122500	2.025790
0.122600	3.249710
0.122700	4.093790
0.122800	1.955450
0.122900	-5.022280
0.123000	-9.327080
0.123100	-4.009380
0.123200	4.403280
0.123300	7.526380
0.123400	4.586170
0.123500	-2.166470
0.123600	-7.512310
0.123700	-7.005860
0.123800	-3.559200
0.123900	-0.689332
0.124000	1.420870
0.124100	4.135990
0.124200	5.191090
0.124300	3.404460
0.124400	0.337632
0.124500	-2.096130
0.124600	-1.364600
0.124700	1.533410
0.124800	2.518170
0.124900	1.420870
0.125000	2.321220
0.125100	3.305980
0.125200	1.997660
0.125300	2.686990
0.125400	3.713950
0.125500	0.056272
0.125600	-3.488860
0.125700	-1.434940
0.125800	0.970692
0.125900	0.548652
0.126000	0.281360
0.126100	-0.393904
0.126200	-1.167640
0.126300	0.858148
0.126400	3.559200
0.126500	4.248540
0.126600	2.869870
0.126700	-0.633060
0.126800	-4.037520
0.126900	-3.193440
0.127000	1.223920
0.127100	3.052760
0.127200	0.351700
0.127300	-1.688160
0.127400	-0.056272
0.127500	0.309496
0.127600	-2.349360
0.127700	-3.320050
0.127800	1.252050
0.127900	8.511140
0.128000	10.691700
0.128100	6.035170
0.128200	0.830012
0.128300	-0.267292
0.128400	1.237980
0.128500	2.475970
0.128600	2.560380
0.128700	2.996480
0.128800	4.614300
0.128900	4.220400
0.129000	-0.168816
0.129100	-3.094960
0.129200	-2.602580
0.129300	-1.716300
0.129400	-1.125440
0.129500	0.576788
0.129600	1.280190
0.129700	-0.309496
0.129800	-1.195780
0.129900	0.844080
0.130000	1.955450
0.130100	0.112544
0.130200	-2.532240
0.130300	-4.234470
0.130400	-2.363420
0.130500	0.365768
0.130600	0.098476
0.130700	-1.195780
0.130800	-0.239156
0.130900	0.815944
0.131000	-0.956624
0.131100	-1.420870
0.131200	0.056272
0.131300	-1.223920
0.131400	-3.080890
0.131500	-2.419700
0.131600	-0.984760
0.131700	0.281360
0.131800	2.236810
0.131900	3.291910
0.132000	1.364600
0.132100	-2.518170
0.132200	-2.926140
0.132300	0.140680
0.132400	1.547480
0.132500	1.645960
0.132600	1.153580
0.132700	-1.209850
0.132800	-2.686990
0.132900	-2.053930
0.133000	-1.083240
0.133100	1.083240
0.133200	4.740920
0.133300	4.797190
0.133400	0.168816
0.133500	-2.574440
0.133600	-0.464244
0.133700	1.069170
0.133800	0.042204
0.133900	-0.295428
0.134000	-0.576788
0.134100	-2.222740
0.134200	-3.277840
0.134300	-1.800700
0.134400	1.308320
0.134500	3.151230
0.134600	0.717468
0.134700	-4.375150
0.134800	-5.838220
0.134900	-2.518170
0.135000	0.759672
0.135100	1.097300
0.135200	-0.084408
0.135300	-0.084408
0.135400	0.689332
0.135500	0.858148
0.135600	1.969520
0.135700	2.855800
0.135800	1.125440
0.135900	-0.745604
0.136000	1.617820
0.136100	3.601410
0.136200	-1.660020
0.136300	-7.174680
0.136400	-4.262600
0.136500	0.014068
0.136600	-1.674090
0.136700	-3.671750
0.136800	-0.647128
0.136900	3.080890
0.137000	2.630720
0.137100	-0.576788
0.137200	-4.304810
0.137300	-4.515830
0.137400	0.745604
0.137500	3.390390
0.137600	-0.211020
0.137700	-1.463070
0.137800	2.490040
0.137900	3.277840
0.138000	-0.126612
0.138100	-1.997660
0.138200	-0.689332
0.138300	2.321220
0.138400	4.642440
0.138500	5.753810
0.138600	5.796020
0.138700	5.317700
0.138800	2.799530
0.138900	-0.830012
0.139000	-0.239156
0.139100	2.658850
0.139200	2.264950
0.139300	1.209850
0.139400	0.464244
0.139500	-1.730360
0.139600	-1.758500
0.139700	1.631890
0.139800	2.546310
0.139900	0.239156
0.140000	-0.281360
0.140100	2.532240
0.140200	4.684640
0.140300	4.051580
0.140400	2.250880
0.140500	1.041030
0.140600	1.420870
0.140700	1.983590
0.140800	1.983590
0.140900	3.320050
0.141000	5.106680
0.141100	4.431420
0.141200	1.519340
0.141300	-0.450176
0.141400	-0.436108
0.141500	2.447830
0.141600	5.950760
0.141700	4.951940
0.141800	1.223920
0.141900	-0.028136
0.142000	0.984760
0.142100	3.320050
0.142200	5.514660
0.142300	4.543960
0.142400	1.392730
0.142500	1.800700
0.142600	3.488860
0.142700	0.633060
0.142800	-0.393904
0.142900	4.783120
0.143000	7.315360
0.143100	2.377490
0.143200	-2.279020
0.143300	-1.899180
0.143400	0.520516
0.143500	2.405630
0.143600	3.418520
0.143700	3.179370
0.143800	3.995310
0.143900	5.613130
0.144000	4.839390
0.144100	4.347010
0.144200	7.526380
0.144300	8.370460
0.144400	3.601410
0.144500	-0.548652
0.144600	0.422040
0.144700	2.912080
0.144800	4.093790
0.144900	4.543960
0.145000	5.162960
0.145100	4.994140
0.145200	3.728020
0.145300	1.631890
0.145400	0.745604
0.145500	2.264950
0.145600	2.208680
0.145700	0.042204
0.145800	2.194610
0.145900	6.302460
0.146000	5.824150
0.146100	3.615480
0.146200	3.080890
0.146300	0.140680
0.146400	-2.729190
0.146500	0.534584
0.146600	5.191090
0.146700	4.600240
0.146800	2.068000
0.146900	2.926140
0.147000	4.867530
0.147100	3.798360
0.147200	1.856980
0.147300	3.488860
0.147400	5.162960
0.147500	2.475970
0.147600	-0.281360
0.147700	0.337632
0.147800	1.406800
0.147900	0.675264
0.148000	1.505280
0.148100	3.615480
0.148200	2.166470
0.148300	-0.689332
0.148400	0.534584
0.148500	3.573270
0.148600	3.235640
0.148700	1.631890
0.148800	0.759672
0.148900	1.083240
0.149000	2.616650
0.149100	3.080890
0.149200	0.914420
0.149300	-0.886284
0.149400	-0.773740
0.149500	0.450176
0.149600	1.378660
0.149700	0.998828
0.149800	0.239156
0.149900	0.211020
0.150000	-0.070340
0.150100	-0.379836
0.150200	0.759672
0.150300	3.390390
0.150400	3.967180
0.150500	1.856980
0.150600	0.140680
0.150700	0.042204
0.150800	0.196952
0.150900	0.984760
0.151000	3.517000
0.151100	4.684640
0.151200	2.588510
0.151300	0.337632
0.151400	0.042204
0.151500	0.084408
0.151600	0.365768
0.151700	1.575620
0.151800	2.363420
0.151900	2.208680
0.152000	2.264950
0.152100	1.927320
0.152200	0.562720
0.152300	-0.014068
0.152400	0.984760
0.152500	1.772570
0.152600	1.449000
0.152700	-0.239156
0.152800	-1.688160
0.152900	-0.942556
0.153000	1.336460
0.153100	2.546310
0.153200	2.110200
0.153300	2.068000
0.153400	2.222740
0.153500	2.053930
0.153600	2.025790
0.153700	1.688160
0.153800	1.491210
0.153900	2.152400
0.154000	2.208680
0.154100	0.604924
0.154200	-1.111370
0.154300	-1.167640
0.154400	-0.028136
0.154500	0.914420
0.154600	0.239156
0.154700	-1.392730
0.154800	-2.124270
0.154900	-1.280190
0.155000	0.267292
0.155100	1.125440
0.155200	0.422040
0.155300	-0.998828
0.155400	-1.392730
0.155500	0.422040
0.155600	1.899180
0.155700	0.998828
0.155800	0.281360
0.155900	0.900352
0.156000	0.970692
0.156100	0.520516
0.156200	1.083240
0.156300	2.532240
0.156400	2.405630
0.156500	-0.267292
0.156600	-2.672920
0.156700	-1.758500
0.156800	0.478312
0.156900	0.787808
0.157000	0.028136
0.157100	-0.436108
0.157200	-0.661196
0.157300	-1.125440
0.157400	-1.237980
0.157500	-0.182884
0.157600	1.308320
0.157700	1.603750
0.157800	0.675264
0.157900	0.042204
0.158000	0.520516
0.158100	2.053930
0.158200	3.784290
0.158300	3.446660
0.158400	0.900352
0.158500	-0.787808
0.158600	0.014068
0.158700	1.364600
0.158800	0.942556
0.158900	0.140680
0.159000	0.633060
0.159100	1.589680
0.159200	0.844080
0.159300	-0.239156
0.159400	-0.309496
0.159500	-0.407972
0.159600	-1.519340
0.159700	-1.814770
0.159800	-0.098476
0.159900	1.871040
0.160000	2.349360
0.160100	1.589680
0.160200	0.351700
0.160300	-0.014068
0.160400	1.252050
0.160500	2.419700
0.160600	2.025790
0.160700	1.209850
0.160800	1.167640
0.160900	1.322390
0.161000	1.026960
0.161100	1.153580
0.161200	1.913250
0.161300	1.280190
0.161400	-0.717468
0.161500	-0.998828
0.161600	1.322390
0.161700	3.221570
0.161800	2.490040
0.161900	1.463070
0.162000	1.716300
0.162100	1.547480
0.162200	1.392730
0.162300	2.279020
0.162400	3.193440
0.162500	2.475970
0.162600	0.182884
0.162700	-1.575620
0.162800	-1.294260
0.162900	0.830012
0.163000	2.672920
0.163100	3.643610
0.163200	3.151230
0.163300	1.406800
0.163400	0.548652
0.163500	1.266120
0.163600	2.166470
0.163700	2.096130
0.163800	1.688160
0.163900	1.280190
0.164000	1.083240
0.164100	0.731536
0.164200	-0.211020
0.164300	-0.126612
0.164400	1.842910
0.164500	3.657680
0.164600	2.912080
0.164700	0.604924
0.164800	-0.689332
0.164900	0.253224
0.165000	2.363420
0.165100	3.812430
0.165200	3.671750
0.165300	2.518170
0.165400	1.322390
0.165500	0.900352
0.165600	1.885110
0.165700	3.320050
0.165800	3.263780
0.165900	1.519340
0.166000	0.168816
0.166100	0.000000
0.166200	0.633060
0.166300	2.053930
0.166400	2.982420
0.166500	2.279020
0.166600	0.534584
0.166700	-0.337632
0.166800	0.014068
0.166900	0.450176
0.167000	0.675264
0.167100	1.041030
0.167200	2.068000
0.167300	2.068000
0.167400	0.098476
0.167500	-1.533410
0.167600	-1.209850
0.167700	0.211020
0.167800	1.617820
0.167900	2.152400
0.168000	1.955450
0.168100	0.900352
0.168200	-0.492380
0.168300	-0.253224
0.168400	1.209850
0.168500	0.801876
0.168600	-1.336460
0.168700	-1.392730
0.168800	0.604924
0.168900	1.730360
0.169000	1.547480
0.169100	0.970692
0.169200	0.703400
0.169300	0.506448
0.169400	0.042204
0.169500	-0.112544
0.169600	0.056272
0.169700	0.970692
0.169800	1.026960
0.169900	0.140680
0.170000	-0.253224
0.170100	-0.815944
0.170200	-1.308320
0.170300	-0.478312
0.170400	1.097300
0.170500	2.096130
0.170600	2.236810
0.170700	2.236810
0.170800	2.236810
0.170900	1.392730
0.171000	-0.323564
0.171100	-0.998828
0.171200	0.351700
0.171300	1.645960
0.171400	1.083240
0.171500	-0.028136
0.171600	-0.168816
0.171700	0.014068
0.171800	0.239156
0.171900	0.618992
0.172000	0.633060
0.172100	0.154748
0.172200	-0.351700
0.172300	-0.042204
0.172400	1.491210
0.172500	2.349360
0.172600	1.069170
0.172700	-1.041030
0.172800	-1.941380
0.172900	-1.097300
0.173000	0.393904
0.173100	1.364600
0.173200	1.519340
0.173300	0.759672
0.173400	0.140680
0.173500	0.154748
0.173600	1.097300
0.173700	1.800700
0.173800	1.420870
0.173900	0.914420
0.174000	0.576788
0.174100	0.112544
0.174200	0.126612
0.174300	0.914420
0.174400	1.927320
0.174500	2.405630
0.174600	1.392730
0.174700	-0.014068
0.174800	-0.393904
0.174900	-0.168816
0.175000	0.014068
0.175100	0.520516
0.175200	1.983590
0.175300	2.715120
0.175400	1.434940
0.175500	-0.661196
0.175600	-0.970692
0.175700	1.195780
0.175800	2.912080
0.175900	2.250880
0.176000	1.533410
0.176100	2.461900
0.176200	3.221570
0.176300	2.433760
0.176400	1.716300
0.176500	2.082060
0.176600	2.433760
0.176700	1.547480
0.176800	0.182884
0.176900	0.633060
0.177000	2.546310
0.177100	3.362250
0.177200	2.053930
0.177300	0.393904
0.177400	0.000000
0.177500	0.281360
0.177600	-0.028136
0.177700	0.154748
0.177800	1.491210
0.177900	2.335290
0.178000	2.264950
0.178100	1.491210
0.178200	0.815944
0.178300	0.323564
0.178400	0.548652
0.178500	1.758500
0.178600	3.277840
0.178700	4.023450
0.178800	3.052760
0.178900	1.434940
0.179000	0.858148
0.179100	1.406800
0.179200	1.702230
0.179300	1.983590
0.179400	2.419700
0.179500	1.786640
0.179600	0.253224
0.179700	0.042204
0.179800	1.336460
0.179900	2.152400
0.180000	1.167640
0.180100	-0.211020
0.180200	-0.028136
0.180300	0.407972
0.180400	0.070340
0.180500	0.323564
0.180600	1.702230
0.180700	1.575620
0.180800	-0.661196
0.180900	-1.997660
0.181000	-0.407972
0.181100	2.194610
0.181200	2.363420
0.181300	0.407972
0.181400	-0.492380
0.181500	0.590856
0.181600	1.406800
0.181700	0.858148
0.181800	0.773740
0.181900	1.617820
0.182000	1.702230
0.182100	0.633060
0.182200	-0.126612
0.182300	0.182884
0.182400	1.012900
0.182500	1.505280
0.182600	1.547480
0.182700	1.660020
0.182800	1.280190
0.182900	0.407972
0.183000	0.112544
0.183100	-0.028136
0.183200	-0.225088
0.183300	0.042204
0.183400	1.055100
0.183500	1.688160
0.183600	1.406800
0.183700	0.618992
0.183800	-0.084408
0.183900	-0.323564
0.184000	0.014068
0.184100	0.464244
0.184200	0.590856
0.184300	0.703400
0.184400	0.984760
0.184500	0.830012
0.184600	0.633060
0.184700	0.956624
0.184800	1.519340
0.184900	1.589680
0.185000	1.561550
0.185100	1.434940
0.185200	1.716300
0.185300	2.011720
0.185400	1.505280
0.185500	0.675264
0.185600	0.675264
0.185700	0.844080
0.185800	0.534584
0.185900	0.801876
0.186000	1.252050
0.186100	0.703400
0.186200	0.182884
0.186300	0.436108
0.186400	0.590856
0.186500	0.168816
0.186600	-0.309496
0.186700	0.028136
0.186800	1.252050
0.186900	2.025790
0.187000	1.842910
0.187100	1.842910
0.187200	2.307150
0.187300	2.461900
0.187400	2.166470
0.187500	2.293080
0.187600	2.701060
0.187700	2.250880
0.187800	1.463070
0.187900	1.364600
0.188000	1.420870
0.188100	0.717468
0.188200	0.140680
0.188300	0.548652
0.188400	1.364600
0.188500	1.631890
0.188600	1.280190
0.188700	1.083240
0.188800	1.603750
0.188900	2.194610
0.189000	1.814770
0.189100	1.519340
0.189200	1.786640
0.189300	2.053930
0.189400	2.250880
0.189500	2.715120
0.189600	2.827670
0.189700	2.068000
0.189800	1.814770
0.189900	2.419700
0.190000	3.094960
0.190100	2.912080
0.190200	2.841740
0.190300	3.193440
0.190400	3.517000
0.190500	2.799530
0.190600	1.744430
0.190700	1.547480
0.190800	2.082060
0.190900	1.702230
0.191000	0.407972
0.191100	-0.112544
0.191200	0.576788
0.191300	1.012900
0.191400	0.731536
0.191500	1.575620
0.191600	3.291910
0.191700	3.376320
0.191800	1.252050
0.191900	0.351700
0.192000	2.025790
0.192100	3.038690
0.192200	1.645960
0.192300	0.014068
0.192400	0.295428
0.192500	2.110200
0.192600	3.024620
0.192700	2.264950
0.192800	2.166470
0.192900	3.291910
0.193000	3.193440
0.193100	1.631890
0.193200	0.647128
0.193300	0.745604
0.193400	0.534584
0.193500	-0.154748
0.193600	0.070340
0.193700	1.097300
0.193800	1.266120
0.193900	0.225088
0.194000	0.168816
0.194100	1.280190
0.194200	1.575620
0.194300	0.886284
0.194400	1.012900
0.194500	1.589680
0.194600	0.886284
0.194700	-0.562720
0.194800	-0.689332
0.194900	0.534584
0.195000	1.181710
0.195100	0.914420
0.195200	0.844080
0.195300	1.181710
0.195400	0.759672
0.195500	0.675264
0.195600	1.589680
0.195700	1.674090
0.195800	0.787808
0.195900	0.309496
0.196000	0.281360
0.196100	0.520516
0.196200	0.731536
0.196300	0.393904
0.196400	-0.098476
0.196500	0.576788
0.196600	2.082060
0.196700	2.433760
0.196800	1.603750
0.196900	0.815944
0.197000	1.280190
0.197100	2.208680
0.197200	2.250880
0.197300	1.533410
0.197400	1.223920
0.197500	1.111370
0.197600	0.689332
0.197700	0.647128
0.197800	1.449000
0.197900	2.321220
0.198000	2.194610
0.198100	1.097300
0.198200	0.393904
0.198300	0.534584
0.198400	0.928488
0.198500	1.083240
0.198600	1.195780
0.198700	1.350530
0.198800	1.012900
0.198900	0.393904
0.199000	0.520516
0.199100	1.871040
0.199200	2.588510
0.199300	1.730360
0.199400	0.520516
0.199500	0.309496
0.199600	0.900352
0.199700	1.111370
0.199800	0.886284
0.199900	1.167640
0.200000	1.603750
0.200100	1.660020
0.200200	1.617820
0.200300	1.716300
0.200400	0.970692
0.200500	0.337632
0.200600	1.041030
0.200700	2.025790
0.200800	1.913250
0.200900	1.688160
0.201000	2.138340
0.201100	2.546310
0.201200	2.419700
0.201300	1.814770
0.201400	1.294260
0.201500	1.491210
0.201600	1.589680
0.201700	1.378660
0.201800	1.294260
0.201900	1.575620
0.202000	2.222740
0.202100	2.208680
0.202200	1.899180
0.202300	2.166470
0.202400	1.674090
0.202500	0.689332
0.202600	0.900352
0.202700	2.011720
0.202800	2.771400
0.202900	2.110200
0.203000	0.984760
0.203100	0.422040
0.203200	0.464244
0.203300	0.745604
0.203400	1.674090
0.203500	2.771400
0.203600	3.221570
0.203700	2.518170
0.203800	1.139510
0.203900	1.069170
0.204000	1.800700
0.204100	1.744430
0.204200	1.505280
0.204300	2.082060
0.204400	2.152400
0.204500	0.844080
0.204600	0.351700
0.204700	1.449000
0.204800	2.096130
0.204900	1.561550
0.205000	0.689332
0.205100	0.900352
0.205200	2.504100
0.205300	3.531070
0.205400	2.405630
0.205500	0.590856
0.205600	0.267292
0.205700	0.787808
0.205800	0.942556
0.205900	1.603750
0.206000	3.334120
0.206100	4.079720
0.206200	2.602580
0.206300	0.970692
0.206400	0.914420
0.206500	1.561550
0.206600	1.294260
0.206700	0.548652
0.206800	0.295428
0.206900	0.506448
0.207000	0.661196
0.207100	0.576788
0.207200	0.787808
0.207300	1.800700
0.207400	2.883940
0.207500	2.771400
0.207600	1.237980
0.207700	-0.407972
0.207800	0.084408
0.207900	2.279020
0.208000	3.305980
0.208100	2.715120
0.208200	2.039860
0.208300	1.547480
0.208400	0.196952
0.208500	-1.280190
0.208600	-0.379836
0.208700	2.236810
0.208800	3.910900
0.208900	3.615480
0.209000	2.264950
0.209100	0.689332
0.209200	-0.211020
0.209300	0.661196
0.209400	1.927320
0.209500	1.350530
0.209600	-0.014068
0.209700	-0.056272
0.209800	0.070340
0.209900	0.140680
0.210000	1.280190
0.210100	2.588510
0.210200	2.405630
0.210300	0.998828
0.210400	-0.225088
0.210500	0.168816
0.210600	1.589680
0.210700	2.138340
0.210800	2.321220
0.210900	1.997660
0.211000	0.548652
0.211100	-0.478312
0.211200	0.618992
0.211300	1.969520
0.211400	1.828840
0.211500	1.350530
0.211600	0.998828
0.211700	0.014068
0.211800	-0.267292
0.211900	1.336460
0.212000	3.179370
0.212100	2.869870
0.212200	0.562720
0.212300	-1.209850
0.212400	-1.012900
0.212500	0.436108
0.212600	1.195780
0.212700	1.856980
0.212800	2.419700
0.212900	1.491210
0.213000	-0.436108
0.213100	-0.815944
0.213200	0.492380
0.213300	2.405630
0.213400	3.263780
0.213500	1.913250
0.213600	-0.689332
0.213700	-1.434940
0.213800	-0.042204
0.213900	1.434940
0.214000	1.899180
0.214100	1.463070
0.214200	0.759672
0.214300	0.323564
0.214400	0.112544
0.214500	0.098476
0.214600	0.211020
0.214700	0.337632
0.214800	0.365768
0.214900	0.422040
0.215000	0.450176
0.215100	-0.182884
0.215200	-0.492380
0.215300	0.618992
0.215400	2.208680
0.215500	1.969520
0.215600	0.576788
0.215700	-0.267292
0.215800	0.042204
0.215900	1.083240
0.216000	1.660020
0.216100	1.055100
0.216200	0.787808
0.216300	1.491210
0.216400	1.603750
0.216500	0.661196
0.216600	0.154748
0.216700	0.351700
0.216800	0.675264
0.216900	1.181710
0.217000	1.491210
0.217100	0.914420
0.217200	0.618992
0.217300	1.195780
0.217400	0.773740
0.217500	-0.056272
0.217600	0.492380
0.217700	1.772570
0.217800	2.236810
0.217900	1.378660
0.218000	0.211020
0.218100	0.281360
0.218200	1.167640
0.218300	1.392730
0.218400	1.111370
0.218500	1.139510
0.218600	1.139510
0.218700	0.253224
0.218800	0.014068
0.218900	0.745604
0.219000	1.519340
0.219100	1.814770
0.219200	1.927320
0.219300	1.688160
0.219400	0.984760
0.219500	0.309496
0.219600	0.576788
0.219700	1.364600
0.219800	1.660020
0.219900	1.688160
0.220000	1.392730
0.220100	0.534584
0.220200	0.070340
0.220300	0.773740
0.220400	1.885110
0.220500	2.546310
0.220600	2.166470
0.220700	1.364600
0.220800	0.633060
0.220900	0.225088
0.221000	0.422040
0.221100	1.252050
0.221200	1.899180
0.221300	2.082060
0.221400	1.561550
0.221500	0.759672
0.221600	0.604924
0.221700	0.647128
0.221800	0.703400
0.221900	1.434940
0.222000	2.405630
0.222100	2.068000
0.222200	0.745604
0.222300	0.070340
0.222400	0.647128
0.222500	1.336460
0.222600	1.800700
0.222700	1.927320
0.222800	1.603750
0.222900	1.083240
0.223000	0.703400
0.223100	0.801876
0.223200	1.378660
0.223300	1.828840
0.223400	1.449000
0.223500	0.562720
0.223600	0.168816
0.223700	1.069170
0.223800	2.110200
0.223900	2.152400
0.224000	1.744430
0.224100	1.350530
0.224200	0.830012
0.224300	0.773740
0.224400	1.280190
0.224500	1.420870
0.224600	0.956624
0.224700	0.703400
0.224800	1.125440
0.224900	1.434940
0.225000	0.647128
0.225100	0.084408
0.225200	1.237980
0.225300	2.799530
0.225400	2.630720
0.225500	1.294260
0.225600	0.407972
0.225700	0.379836
0.225800	0.520516
0.225900	0.914420
0.226000	1.716300
0.226100	2.138340
0.226200	1.828840
0.226300	0.942556
0.226400	0.253224
0.226500	0.604924
0.226600	1.237980
0.226700	1.561550
0.226800	1.350530
0.226900	0.984760
0.227000	0.562720
0.227100	0.168816
0.227200	0.098476
0.227300	0.478312
0.227400	1.167640
0.227500	1.744430
0.227600	1.800700
0.227700	1.505280
0.227800	1.012900
0.227900	0.661196
0.228000	0.464244
0.228100	0.633060
0.228200	1.280190
0.228300	1.505280
0.228400	1.012900
0.228500	0.450176
0.228600	0.520516
0.228700	1.125440
0.228800	1.364600
0.228900	1.181710
0.229000	1.209850
0.229100	1.491210
0.229200	1.491210
0.229300	0.787808
0.229400	0.351700
0.229500	0.787808
0.229600	1.505280
0.229700	1.547480
0.229800	1.125440
0.229900	1.012900
0.230000	1.477140
0.230100	1.406800
0.230200	0.928488
0.230300	0.914420
0.230400	1.195780
0.230500	1.097300
0.230600	1.026960
0.230700	1.322390
0.230800	1.617820
0.230900	1.463070
0.231000	0.858148
0.231100	0.858148
0.231200	1.519340
0.231300	1.702230
0.231400	0.970692
0.231500	0.281360
0.231600	0.253224
0.231700	0.773740
0.231800	0.900352
0.231900	0.773740
0.232000	0.787808
0.232100	0.830012
0.232200	0.900352
0.232300	1.069170
0.232400	1.167640
0.232500	0.956624
0.232600	0.914420
0.232700	1.069170
0.232800	1.350530
0.232900	1.420870
0.233000	1.111370
0.233100	0.858148
0.233200	0.914420
0.233300	1.083240
0.233400	1.012900
0.233500	0.998828
0.233600	1.041030
0.233700	0.942556
0.233800	0.717468
0.233900	0.604924
0.234000	0.703400
0.234100	0.675264
0.234200	0.830012
0.234300	1.012900
0.234400	1.055100
0.234500	1.111370
0.234600	1.111370
0.234700	0.970692
0.234800	0.900352
0.234900	1.041030
0.235000	0.970692
0.235100	0.801876
0.235200	0.562720
0.235300	0.618992
0.235400	0.745604
0.235500	0.970692
0.235600	1.252050
0.235700	1.139510
0.235800	0.970692
0.235900	1.069170
0.236000	1.069170
0.236100	0.914420
0.236200	0.759672
0.236300	0.562720
0.236400	0.225088
0.236500	0.225088
0.236600	0.689332
0.236700	0.942556
0.236800	0.900352
0.236900	0.717468
0.237000	0.717468
0.237100	0.872216
0.237200	1.012900
0.237300	0.872216
0.237400	1.097300
0.237500	1.477140
0.237600	1.223920
0.237700	0.773740
0.237800	0.787808
0.237900	1.097300
0.238000	1.069170
0.238100	1.026960
0.238200	1.378660
0.238300	1.702230
0.238400	1.280190
0.238500	0.506448
0.238600	0.239156
0.238700	0.970692
0.238800	1.505280
0.238900	1.294260
0.239000	0.984760
0.239100	0.914420
0.239200	0.675264
0.239300	0.351700
0.239400	0.379836
0.239500	0.956624
0.239600	1.209850
0.239700	0.773740
0.239800	0.436108
0.239900	0.815944
0.240000	1.660020
0.240100	1.772570
0.240200	1.280190
0.240300	1.026960
0.240400	1.266120
0.240500	1.420870
0.240600	1.266120
0.240700	1.294260
0.240800	1.575620
0.240900	1.575620
0.241000	1.125440
0.241100	1.083240
0.241200	1.491210
0.241300	1.603750
0.241400	1.181710
0.241500	0.844080
0.241600	1.266120
0.241700	1.645960
0.241800	1.350530
0.241900	0.858148
0.242000	0.815944
0.242100	0.942556
0.242200	1.041030
0.242300	1.055100
0.242400	1.139510
0.242500	1.125440
0.242600	0.886284
0.242700	0.858148
0.242800	1.266120
0.242900	1.575620
0.243000	1.392730
0.243100	1.167640
0.243200	1.111370
0.243300	1.083240
0.243400	0.801876
0.243500	0.801876
0.243600	0.886284
0.243700	0.745604
0.243800	0.422040
0.243900	0.253224
0.244000	0.647128
0.244100	0.942556
0.244200	0.745604
0.244300	0.520516
0.244400	0.717468
0.244500	0.914420
0.244600	0.998828
0.244700	0.830012
0.244800	0.365768
0.244900	0.267292
0.245000	0.492380
0.245100	0.858148
0.245200	1.195780
0.245300	1.266120
0.245400	1.083240
0.245500	0.998828
0.245600	0.914420
0.245700	0.365768
0.245800	0.182884
0.245900	0.393904
0.246000	0.379836
0.246100	-0.070340
0.246200	-0.042204
0.246300	0.604924
0.246400	1.153580
0.246500	0.914420
0.246600	0.562720
0.246700	0.801876
0.246800	0.689332
0.246900	0.492380
0.247000	0.548652
0.247100	0.182884
0.247200	-0.196952
0.247300	-0.126612
0.247400	0.154748
0.247500	0.154748
0.247600	0.675264
0.247700	0.956624
0.247800	0.956624
0.247900	0.928488
0.248000	0.675264
0.248100	0.337632
0.248200	0.168816
0.248300	0.084408
0.248400	0.126612
0.248500	0.323564
0.248600	0.745604
0.248700	1.125440
0.248800	0.773740
0.248900	0.379836
0.249000	0.407972
0.249100	0.407972
0.249200	0.478312
0.249300	0.661196
0.249400	0.562720
0.249500	0.548652
0.249600	0.337632
0.249700	0.098476
0.249800	0.000000
0.249900	0.056272
0.250000	0.098476
0.250100	0.506448
0.250200	0.844080
0.250300	0.928488
0.250400	0.436108
0.250500	0.056272
0.250600	0.042204
0.250700	0.422040
0.250800	0.689332
0.250900	0.830012
0.251000	0.998828
0.251100	0.745604
0.251200	0.014068
0.251300	-0.365768
0.251400	0.112544
0.251500	0.900352
0.251600	1.026960
0.251700	0.323564
0.251800	0.000000
0.251900	0.323564
0.252000	0.464244
0.252100	0.239156
0.252200	0.281360
0.252300	0.703400
0.252400	0.548652
0.252500	-0.225088
0.252600	-0.196952
0.252700	0.773740
0.252800	0.858148
0.252900	-0.211020
0.253000	-0.759672
0.253100	-0.407972
0.253200	0.070340
0.253300	0.126612
0.253400	0.042204
0.253500	0.548652
0.253600	0.928488
0.253700	0.492380
0.253800	0.042204
0.253900	0.239156
0.254000	0.576788
0.254100	0.731536
0.254200	0.562720
0.254300	0.267292
0.254400	-0.028136
0.254500	0.042204
0.254600	0.042204
0.254700	0.126612
0.254800	0.126612
0.254900	0.239156
0.255000	0.520516
0.255100	0.858148
0.255200	0.745604
0.255300	0.098476
0.255400	-0.042204
0.255500	0.520516
0.255600	0.647128
0.255700	0.042204
0.255800	-0.281360
0.255900	0.154748
0.256000	0.886284
0.256100	0.604924
0.256200	0.042204
0.256300	0.323564
0.256400	1.266120
0.256500	1.575620
0.256600	0.984760
0.256700	0.787808
0.256800	0.914420
0.256900	0.520516
0.257000	-0.239156
0.257100	-0.520516
0.257200	0.196952
0.257300	1.111370
0.257400	1.280190
0.257500	0.717468
0.257600	0.590856
0.257700	1.012900
0.257800	1.350530
0.257900	1.111370
0.258000	0.703400
0.258100	0.618992
0.258200	0.548652
0.258300	0.365768
0.258400	0.548652
0.258500	0.787808
0.258600	0.604924
0.258700	0.337632
0.258800	0.633060
0.258900	1.167640
0.259000	1.069170
0.259100	0.717468
0.259200	0.928488
0.259300	1.336460
0.259400	1.069170
0.259500	0.351700
0.259600	0.140680
0.259700	0.830012
0.259800	1.097300
0.259900	0.703400
0.260000	0.323564
0.260100	0.492380
0.260200	0.745604
0.260300	0.731536
0.260400	0.548652
0.260500	0.576788
0.260600	0.731536
0.260700	0.858148
0.260800	0.787808
0.260900	0.675264
0.261000	0.830012
0.261100	1.167640
0.261200	1.069170
0.261300	0.590856
0.261400	0.211020
0.261500	0.253224
0.261600	0.604924
0.261700	1.069170
0.261800	1.153580
0.261900	0.858148
0.262000	0.815944
0.262100	1.223920
0.262200	1.730360
0.262300	1.631890
0.262400	1.083240
0.262500	0.647128
0.262600	0.661196
0.262700	0.759672
0.262800	0.984760
0.262900	1.308320
0.263000	1.491210
0.263100	1.069170
0.263200	0.436108
0.263300	0.196952
0.263400	0.548652
0.263500	0.928488
0.263600	0.942556
0.263700	0.618992
0.263800	0.393904
0.263900	0.253224
0.264000	0.590856
0.264100	0.914420
0.264200	0.998828
0.264300	0.745604
0.264400	0.464244
0.264500	0.576788
0.264600	1.041030
0.264700	1.294260
0.264800	1.026960
0.264900	0.590856
0.265000	0.633060
0.265100	1.012900
0.265200	1.252050
0.265300	0.984760
0.265400	0.858148
0.265500	1.139510
0.265600	1.237980
0.265700	0.900352
0.265800	0.548652
0.265900	0.928488
0.266000	1.392730
0.266100	1.181710
0.266200	0.703400
0.266300	0.407972
0.266400	0.604924
0.266500	0.928488
0.266600	1.041030
0.266700	0.914420
0.266800	0.548652
0.266900	0.070340
0.267000	0.196952
0.267100	0.675264
0.267200	0.900352
0.267300	0.942556
0.267400	1.223920
0.267500	1.350530
0.267600	0.844080
0.267700	0.337632
0.267800	0.492380
0.267900	1.336460
0.268000	1.941380
0.268100	1.969520
0.268200	0.028136
0.268300	-1.674090
0.268400	0.773740
0.268500	2.546310
0.268600	1.308320
0.268700	0.126612
0.268800	-0.211020
0.268900	-0.745604
0.269000	0.590856
0.269100	3.094960
0.269200	1.772570
0.269300	-0.886284
0.269400	-0.815944
0.269500	0.422040
0.269600	1.674090
0.269700	1.899180
0.269800	0.787808
0.269900	1.125440
0.270000	2.771400
0.270100	2.293080
0.270200	0.815944
0.270300	1.266120
0.270400	1.969520
0.270500	1.322390
0.270600	0.534584
0.270700	0.830012
0.270800	1.392730
0.270900	1.519340
0.271000	1.547480
0.271100	1.223920
0.271200	0.604924
0.271300	1.055100
0.271400	1.505280
0.271500	1.041030
0.271600	1.083240
0.271700	1.871040
0.271800	2.419700
0.271900	2.250880
0.272000	1.322390
0.272100	0.872216
0.272200	1.406800
0.272300	2.096130
0.272400	2.096130
0.272500	2.082060
0.272600	2.279020
0.272700	2.447830
0.272800	1.955450
0.272900	1.420870
0.273000	1.688160
0.273100	1.983590
0.273200	1.758500
0.273300	1.617820
0.273400	1.702230
0.273500	1.477140
0.273600	1.111370
0.273700	1.575620
0.273800	2.222740
0.273900	1.378660
0.274000	0.478312
0.274100	1.097300
0.274200	1.899180
0.274300	1.842910
0.274400	1.617820
0.274500	1.603750
0.274600	1.561550
0.274700	1.420870
0.274800	1.505280
0.274900	1.997660
0.275000	1.997660
0.275100	1.533410
0.275200	1.280190
0.275300	1.097300
0.275400	0.830012
0.275500	1.111370
0.275600	2.152400
0.275700	2.883940
0.275800	2.208680
0.275900	0.886284
0.276000	0.534584
0.276100	1.322390
0.276200	2.025790
0.276300	2.096130
0.276400	2.082060
0.276500	1.702230
0.276600	0.815944
0.276700	0.098476
0.276800	0.745604
0.276900	1.533410
0.277000	1.631890
0.277100	1.533410
0.277200	1.406800
0.277300	1.167640
0.277400	0.675264
0.277500	0.393904
0.277600	0.647128
0.277700	1.041030
0.277800	0.773740
0.277900	0.239156
0.278000	-0.028136
0.278100	0.604924
0.278200	1.547480
0.278300	1.660020
0.278400	1.055100
0.278500	0.675264
0.278600	0.661196
0.278700	0.351700
0.278800	0.112544
0.278900	0.576788
0.279000	1.406800
0.279100	0.801876
0.279200	-0.295428
0.279300	0.309496
0.279400	2.321220
0.279500	2.658850
0.279600	1.308320
0.279700	0.393904
0.279800	0.478312
0.279900	0.436108
0.280000	0.928488
0.280100	1.519340
0.280200	1.195780
0.280300	0.239156
0.280400	-0.520516
0.280500	0.056272
0.280600	1.983590
0.280700	2.419700
0.280800	0.858148
0.280900	0.028136
0.281000	0.703400
0.281100	2.180540
0.281200	3.334120
0.281300	2.546310
0.281400	0.689332
0.281500	0.520516
0.281600	1.406800
0.281700	0.731536
0.281800	-0.407972
0.281900	0.773740
0.282000	2.405630
0.282100	1.871040
0.282200	-0.267292
0.282300	-1.392730
0.282400	0.365768
0.282500	2.293080
0.282600	1.378660
0.282700	-1.167640
0.282800	-1.026960
0.282900	1.125440
0.283000	1.449000
0.283100	1.041030
0.283200	1.139510
0.283300	0.815944
0.283400	-0.042204
0.283500	0.028136
0.283600	1.083240
0.283700	2.307150
0.283800	2.785460
0.283900	2.082060
0.284000	1.223920
0.284100	0.872216
0.284200	-0.056272
0.284300	-0.576788
0.284400	0.407972
0.284500	1.195780
0.284600	0.548652
0.284700	0.478312
0.284800	1.392730
0.284900	1.674090
0.285000	1.139510
0.285100	0.900352
0.285200	0.253224
0.285300	-0.323564
0.285400	0.801876
0.285500	1.378660
0.285600	0.267292
0.285700	0.154748
0.285800	1.266120
0.285900	1.026960
0.286000	-0.211020
0.286100	-0.042204
0.286200	1.026960
0.286300	1.223920
0.286400	0.886284
0.286500	1.223920
0.286600	1.772570
0.286700	1.055100
0.286800	-0.562720
0.286900	-0.689332
0.287000	1.336460
0.287100	2.293080
0.287200	0.830012
0.287300	0.028136
0.287400	1.280190
0.287500	1.266120
0.287600	-0.084408
0.287700	0.717468
0.287800	2.068000
0.287900	1.181710
0.288000	-0.084408
0.288100	-0.182884
0.288200	1.209850
0.288300	2.532240
0.288400	2.011720
0.288500	0.689332
0.288600	0.309496
0.288700	1.139510
0.288800	1.660020
0.288900	1.308320
0.289000	0.900352
0.289100	0.422040
0.289200	0.309496
0.289300	0.801876
0.289400	0.759672
0.289500	0.478312
0.289600	1.153580
0.289700	1.561550
0.289800	0.323564
0.289900	-0.717468
0.290000	0.436108
0.290100	2.011720
0.290200	1.786640
0.290300	0.506448
0.290400	-0.140680
0.290500	0.661196
0.290600	1.336460
0.290700	1.069170
0.290800	0.928488
0.290900	0.886284
0.291000	0.675264
0.291100	0.633060
0.291200	1.181710
0.291300	1.519340
0.291400	1.055100
0.291500	0.393904
0.291600	0.239156
0.291700	0.717468
0.291800	0.984760
0.291900	0.534584
0.292000	0.014068
0.292100	-0.070340
0.292200	-0.084408
0.292300	-0.070340
0.292400	0.618992
0.292500	1.252050
0.292600	1.420870
0.292700	1.420870
0.292800	0.858148
0.292900	-0.295428
0.293000	-0.281360
0.293100	1.167640
0.293200	1.631890
0.293300	0.731536
0.293400	0.323564
0.293500	0.703400
0.293600	0.590856
0.293700	0.070340
0.293800	0.070340
0.293900	0.717468
0.294000	0.900352
0.294100	0.801876
0.294200	0.492380
0.294300	0.056272
0.294400	0.056272
0.294500	0.590856
0.294600	0.942556
0.294700	0.928488
0.294800	0.689332
0.294900	0.450176
0.295000	1.111370
0.295100	1.800700
0.295200	1.237980
0.295300	0.703400
0.295400	0.928488
0.295500	0.815944
0.295600	0.506448
0.295700	0.858148
0.295800	0.914420
0.295900	0.393904
0.296000	0.633060
0.296100	1.280190
0.296200	0.703400
0.296300	-0.140680
0.296400	0.393904
0.296500	1.280190
0.296600	1.167640
0.296700	0.633060
0.296800	0.014068
0.296900	-0.126612
0.297000	0.576788
0.297100	1.449000
0.297200	1.449000
0.297300	0.886284
0.297400	0.365768
0.297500	0.323564
0.297600	0.886284
0.297700	0.928488
0.297800	0.548652
0.297900	1.139510
0.298000	1.800700
0.298100	0.900352
0.298200	-0.422040
0.298300	-0.225088
0.298400	0.942556
0.298500	1.252050
0.298600	0.801876
0.298700	0.717468
0.298800	0.984760
0.298900	1.026960
0.299000	0.844080
0.299100	0.211020
0.299200	0.182884
0.299300	1.195780
0.299400	1.674090
0.299500	1.237980
0.299600	0.618992
0.299700	0.464244
0.299800	0.745604
0.299900	1.083240
