-0.030000	0.041571
-0.029900	0.013857
-0.029800	0.069285
-0.029700	0.000000
-0.029600	0.041571
-0.029500	-0.027714
-0.029400	-0.041571
-0.029300	-0.041571
-0.029200	0.041571
-0.029100	0.055428
-0.029000	-0.027714
-0.028900	0.069285
-0.028800	0.041571
-0.028700	-0.013857
-0.028600	0.000000
-0.028500	0.041571
-0.028400	0.055428
-0.028300	0.041571
-0.028200	0.000000
-0.028100	-0.013857
-0.028000	0.083142
-0.027900	0.013857
-0.027800	0.027714
-0.027700	0.000000
-0.027600	0.027714
-0.027500	0.013857
-0.027400	-0.013857
-0.027300	-0.013857
-0.027200	0.027714
-0.027100	-0.027714
-0.027000	0.013857
-0.026900	-0.041571
-0.026800	-0.083142
-0.026700	0.013857
-0.026600	0.069285
-0.026500	0.027714
-0.026400	0.041571
-0.026300	0.069285
-0.026200	0.041571
-0.026100	-0.041571
-0.026000	-0.027714
-0.025900	0.096999
-0.025800	0.055428
-0.025700	-0.041571
-0.025600	0.055428
-0.025500	0.041571
-0.025400	0.000000
-0.025300	0.041571
-0.025200	-0.027714
-0.025100	-0.027714
-0.025000	-0.013857
-0.024900	0.069285
-0.024800	0.069285
-0.024700	0.055428
-0.024600	-0.027714
-0.024500	-0.041571
-0.024400	0.041571
-0.024300	-0.055428
-0.024200	0.013857
-0.024100	0.055428
-0.024000	0.041571
-0.023900	-0.013857
-0.023800	0.000000
-0.023700	-0.041571
-0.023600	-0.055428
-0.023500	-0.013857
-0.023400	0.000000
-0.023300	0.027714
-0.023200	0.000000
-0.023100	-0.013857
-0.023000	0.013857
-0.022900	0.096999
-0.022800	0.013857
-0.022700	0.041571
-0.022600	0.069285
-0.022500	-0.013857
-0.022400	0.013857
-0.022300	0.000000
-0.022200	-0.013857
-0.022100	-0.055428
-0.022000	-0.041571
-0.021900	-0.055428
-0.021800	0.096999
-0.021700	0.110856
-0.021600	0.041571
-0.021500	0.041571
-0.021400	0.041571
-0.021300	0.055428
-0.021200	0.013857
-0.021100	0.096999
-0.021000	0.083142
-0.020900	0.013857
-0.020800	0.055428
-0.020700	0.055428
-0.020600	0.069285
-0.020500	0.041571
-0.020400	-0.013857
-0.020300	0.000000
-0.020200	0.041571
-0.020100	-0.013857
-0.020000	0.083142
-0.019900	-0.013857
-0.019800	0.000000
-0.019700	-0.013857
-0.019600	0.041571
-0.019500	0.013857
-0.019400	0.041571
-0.019300	0.000000
-0.019200	-0.041571
-0.019100	0.055428
-0.019000	-0.055428
-0.018900	-0.041571
-0.018800	0.013857
-0.018700	-0.013857
-0.018600	0.000000
-0.018500	0.000000
-0.018400	-0.041571
-0.018300	0.013857
-0.018200	-0.027714
-0.018100	0.013857
-0.018000	0.000000
-0.017900	0.000000
-0.017800	0.041571
-0.017700	0.027714
-0.017600	-0.013857
-0.017500	-0.096999
-0.017400	-0.083142
-0.017300	0.027714
-0.017200	-0.027714
-0.017100	-0.055428
-0.017000	0.013857
-0.016900	0.013857
-0.016800	0.069285
-0.016700	-0.027714
-0.016600	-0.013857
-0.016500	-0.013857
-0.016400	0.083142
-0.016300	0.000000
-0.016200	0.069285
-0.016100	0.027714
-0.016000	0.000000
-0.015900	-0.069285
-0.015800	0.013857
-0.015700	-0.013857
-0.015600	0.055428
-0.015500	0.083142
-0.015400	0.055428
-0.015300	0.110856
-0.015200	0.041571
-0.015100	-0.027714
-0.015000	-0.013857
-0.014900	0.000000
-0.014800	-0.027714
-0.014700	-0.027714
-0.014600	0.041571
-0.014500	0.041571
-0.014400	-0.013857
-0.014300	-0.013857
-0.014200	-0.027714
-0.014100	-0.013857
-0.014000	0.000000
-0.013900	-0.055428
-0.013800	-0.041571
-0.013700	-0.013857
-0.013600	-0.013857
-0.013500	0.000000
-0.013400	0.000000
-0.013300	-0.096999
-0.013200	0.000000
-0.013100	0.069285
-0.013000	0.041571
-0.012900	-0.041571
-0.012800	-0.083142
-0.012700	0.055428
-0.012600	-0.013857
-0.012500	0.013857
-0.012400	-0.041571
-0.012300	-0.013857
-0.012200	-0.027714
-0.012100	-0.041571
-0.012000	0.027714
-0.011900	0.096999
-0.011800	0.000000
-0.011700	-0.041571
-0.011600	0.027714
-0.011500	0.000000
-0.011400	-0.041571
-0.011300	-0.013857
-0.011200	-0.027714
-0.011100	-0.013857
-0.011000	0.041571
-0.010900	-0.041571
-0.010800	-0.027714
-0.010700	0.000000
-0.010600	-0.027714
-0.010500	-0.027714
-0.010400	0.013857
-0.010300	-0.013857
-0.010200	0.000000
-0.010100	-0.027714
-0.010000	0.124713
-0.009900	0.041571
-0.009800	0.000000
-0.009700	-0.083142
-0.009600	-0.041571
-0.009500	0.000000
-0.009400	0.013857
-0.009300	-0.055428
-0.009200	-0.013857
-0.009100	0.000000
-0.009000	-0.041571
-0.008900	-0.027714
-0.008800	0.000000
-0.008700	-0.055428
-0.008600	-0.013857
-0.008500	0.000000
-0.008400	-0.013857
-0.008300	0.013857
-0.008200	-0.013857
-0.008100	0.069285
-0.008000	0.041571
-0.007900	0.013857
-0.007800	-0.013857
-0.007700	0.055428
-0.007600	0.013857
-0.007500	0.000000
-0.007400	-0.027714
-0.007300	0.096999
-0.007200	0.027714
-0.007100	0.069285
-0.007000	0.055428
-0.006900	0.041571
-0.006800	0.000000
-0.006700	-0.041571
-0.006600	0.013857
-0.006500	0.013857
-0.006400	-0.041571
-0.006300	0.000000
-0.006200	-0.027714
-0.006100	0.027714
-0.006000	0.013857
-0.005900	-0.013857
-0.005800	-0.041571
-0.005700	0.000000
-0.005600	0.013857
-0.005500	0.027714
-0.005400	0.055428
-0.005300	-0.055428
-0.005200	0.013857
-0.005100	-0.027714
-0.005000	0.013857
-0.004900	0.041571
-0.004800	-0.055428
-0.004700	0.000000
-0.004600	0.000000
-0.004500	-0.027714
-0.004400	-0.041571
-0.004300	-0.055428
-0.004200	0.013857
-0.004100	0.055428
-0.004000	0.041571
-0.003900	0.069285
-0.003800	-0.013857
-0.003700	-0.041571
-0.003600	-0.013857
-0.003500	-0.055428
-0.003400	0.027714
-0.003300	0.000000
-0.003200	0.041571
-0.003100	0.124713
-0.003000	0.041571
-0.002900	0.041571
-0.002800	0.027714
-0.002700	0.013857
-0.002600	0.027714
-0.002500	0.000000
-0.002400	0.013857
-0.002300	0.041571
-0.002200	0.069285
-0.002100	0.055428
-0.002000	0.083142
-0.001900	0.013857
-0.001800	0.096999
-0.001700	0.000000
-0.001600	0.027714
-0.001500	-0.027714
-0.001400	0.027714
-0.001300	0.041571
-0.001200	0.096999
-0.001100	0.041571
-0.001000	0.027714
-0.000900	0.000000
-0.000800	0.055428
-0.000700	0.013857
-0.000600	0.000000
-0.000500	0.027714
-0.000400	-0.027714
-0.000300	0.013857
-0.000200	0.041571
-0.000100	0.000000
0.000000	0.013857
0.000100	-0.013857
0.000200	0.000000
0.000300	-0.041571
0.000400	0.027714
0.000500	-0.013857
0.000600	-0.027714
0.000700	0.069285
0.000800	0.027714
0.000900	0.000000
0.001000	0.000000
0.001100	-0.013857
0.001200	0.096999
0.001300	0.096999
0.001400	0.000000
0.001500	-0.055428
0.001600	-0.041571
0.001700	0.000000
0.001800	0.013857
0.001900	0.000000
0.002000	-0.069285
0.002100	0.055428
0.002200	0.110856
0.002300	0.041571
0.002400	-0.027714
0.002500	-0.096999
0.002600	-0.083142
0.002700	-0.096999
0.002800	-0.235569
0.002900	-0.374139
0.003000	-0.637422
0.003100	-0.845277
0.003200	-1.122420
0.003300	-1.274840
0.003400	-1.551980
0.003500	-1.939980
0.003600	-2.258690
0.003700	-2.466550
0.003800	-2.605120
0.003900	-2.812970
0.004000	-3.076250
0.004100	-3.187110
0.004200	-3.200970
0.004300	-3.270250
0.004400	-3.394970
0.004500	-3.630530
0.004600	-3.893820
0.004700	-4.254100
0.004800	-4.489670
0.004900	-4.669810
0.005000	-4.614380
0.005100	-4.406530
0.005200	-4.170960
0.005300	-4.004670
0.005400	-3.990820
0.005500	-3.907670
0.005600	-3.852250
0.005700	-4.184810
0.005800	-4.766810
0.005900	-5.376520
0.006000	-5.792230
0.006100	-5.930800
0.006200	-5.972370
0.006300	-6.083220
0.006400	-6.374220
0.006500	-6.692930
0.006600	-6.886930
0.006700	-6.956210
0.006800	-6.956210
0.006900	-7.191780
0.007000	-7.593640
0.007100	-7.898490
0.007200	-8.549770
0.007300	-9.796900
0.007400	-11.626000
0.007500	-13.579900
0.007600	-15.256600
0.007700	-16.628401
0.007800	-17.931000
0.007900	-19.413700
0.008000	-20.854799
0.008100	-22.185101
0.008200	-24.194300
0.008300	-25.801701
0.008400	-25.787901
0.008500	-24.900999
0.008600	-23.556900
0.008700	-21.741600
0.008800	-19.164200
0.008900	-16.947100
0.009000	-16.448299
0.009100	-15.048700
0.009200	-12.457400
0.009300	-10.642200
0.009400	-10.766900
0.009500	-11.944700
0.009600	-11.889300
0.009700	-10.462000
0.009800	-9.395050
0.009900	-9.311900
0.010000	-10.863900
0.010100	-12.360400
0.010200	-12.845400
0.010300	-13.191900
0.010400	-13.455100
0.010500	-14.328100
0.010600	-16.171101
0.010700	-17.820101
0.010800	-18.332800
0.010900	-17.792400
0.011000	-17.584499
0.011100	-18.526800
0.011200	-19.399799
0.011300	-19.399799
0.011400	-19.358200
0.011500	-18.388201
0.011600	-16.420500
0.011700	-15.034800
0.011800	-16.046400
0.011900	-16.822399
0.012000	-16.087999
0.012100	-15.894000
0.012200	-16.392799
0.012300	-16.808500
0.012400	-17.875500
0.012500	-19.108801
0.012600	-19.815500
0.012700	-18.513000
0.012800	-18.028000
0.012900	-21.797100
0.013000	-21.298201
0.013100	-22.088100
0.013200	-27.215099
0.013300	-25.690901
0.013400	-26.369900
0.013500	-33.159801
0.013600	-32.466999
0.013700	-26.979601
0.013800	-26.259001
0.013900	-30.831800
0.014000	-34.891899
0.014100	-30.485399
0.014200	-26.605400
0.014300	-33.478500
0.014400	-29.626301
0.014500	-22.905600
0.014600	-34.129799
0.014700	-39.714199
0.014800	-26.841000
0.014900	-22.933300
0.015000	-27.409100
0.015100	-19.967899
0.015200	-17.584499
0.015300	-31.275200
0.015400	-35.861900
0.015500	-25.302900
0.015600	-27.215099
0.015700	-32.217499
0.015800	-36.014301
0.015900	-29.778700
0.016000	-14.439000
0.016100	-29.778700
0.016200	-45.908199
0.016300	-24.873301
0.016400	-20.078800
0.016500	-43.317001
0.016600	-48.444099
0.016700	-50.508801
0.016800	-57.659000
0.016900	-47.695801
0.017000	-48.111500
0.017100	-58.268700
0.017200	-39.825001
0.017300	-22.503799
0.017400	-26.688601
0.017500	-27.617001
0.017600	-6.304930
0.017700	7.455070
0.017800	-4.933090
0.017900	0.415710
0.018000	12.928600
0.018100	-5.709080
0.018200	5.861510
0.018300	24.693199
0.018400	6.027800
0.018500	7.358070
0.018600	11.071700
0.018700	11.057900
0.018800	21.977200
0.018900	11.445900
0.019000	-1.108560
0.019100	16.670000
0.019200	28.351400
0.019300	4.489670
0.019400	-13.413600
0.019500	-3.699820
0.019600	-3.117820
0.019700	-6.110940
0.019800	8.064770
0.019900	15.298100
0.020000	11.570600
0.020100	8.563630
0.020200	1.884550
0.020300	-18.887100
0.020400	-26.189699
0.020500	-15.215000
0.020600	-16.628401
0.020700	-22.129601
0.020800	-22.947201
0.020900	-28.878000
0.021000	-36.831902
0.021100	-30.582399
0.021200	-22.448299
0.021300	-23.321301
0.021400	-8.328060
0.021500	4.946950
0.021600	-2.882260
0.021700	-9.796900
0.021800	-8.923910
0.021900	-9.935470
0.022000	-9.533620
0.022100	-5.376520
0.022200	-8.591340
0.022300	-11.529000
0.022400	-5.376520
0.022500	-8.272630
0.022600	-23.127300
0.022700	-23.252001
0.022800	-21.062599
0.022900	-27.575399
0.023000	-19.275101
0.023100	-2.951540
0.023200	-8.369630
0.023300	-22.933300
0.023400	-25.483000
0.023500	-28.545401
0.023600	-34.309898
0.023700	-41.044399
0.023800	-47.889801
0.023900	-54.541199
0.024000	-58.642799
0.024100	-63.894600
0.024200	-71.155701
0.024300	-62.980099
0.024400	-59.446499
0.024500	-65.792999
0.024600	-55.552700
0.024700	-46.628799
0.024800	-52.157700
0.024900	-49.317101
0.025000	-35.945099
0.025100	-27.423000
0.025200	-22.282101
0.025300	-12.097200
0.025400	-3.436540
0.025500	2.411120
0.025600	10.198800
0.025700	14.910100
0.025800	9.270330
0.025900	7.579780
0.026000	14.355900
0.026100	12.568300
0.026200	9.727610
0.026300	12.471300
0.026400	14.799300
0.026500	7.649060
0.026600	-2.244830
0.026700	-4.323380
0.026800	-15.409000
0.026900	-32.189800
0.027000	-34.864201
0.027100	-34.185200
0.027200	-35.349201
0.027300	-30.499300
0.027400	-19.801701
0.027500	-13.787700
0.027600	-14.633000
0.027700	-9.159480
0.027800	-3.949240
0.027900	4.822240
0.028000	14.993300
0.028100	12.582200
0.028200	9.686040
0.028300	11.196500
0.028400	11.709200
0.028500	6.055510
0.028600	-0.554280
0.028700	-2.591260
0.028800	-9.131760
0.028900	-14.078700
0.029000	-8.563630
0.029100	-7.524350
0.029200	-10.101800
0.029300	-12.748400
0.029400	-21.658501
0.029500	-22.628500
0.029600	-17.085699
0.029700	-16.337400
0.029800	-18.831699
0.029900	-21.949499
0.030000	-19.302799
0.030100	-20.494499
0.030200	-29.293699
0.030300	-26.148199
0.030400	-17.875500
0.030500	-25.150499
0.030600	-40.240700
0.030700	-44.993698
0.030800	-36.152901
0.030900	-30.277500
0.031000	-35.460098
0.031100	-37.760300
0.031200	-35.848099
0.031300	-39.741901
0.031400	-38.882702
0.031500	-31.968100
0.031600	-34.157501
0.031700	-38.231499
0.031800	-36.970501
0.031900	-35.737202
0.032000	-35.404598
0.032100	-34.060501
0.032200	-25.732401
0.032300	-14.799300
0.032400	-17.958700
0.032500	-25.011900
0.032600	-21.547600
0.032700	-18.928699
0.032800	-24.319000
0.032900	-29.848000
0.033000	-24.166599
0.033100	-15.658400
0.033200	-19.995701
0.033300	-25.330601
0.033400	-20.231199
0.033500	-11.639900
0.033600	-8.480480
0.033700	-16.753099
0.033800	-27.312099
0.033900	-29.958799
0.034000	-23.252001
0.034100	-14.328100
0.034200	-14.993300
0.034300	-26.646999
0.034400	-27.367599
0.034500	-28.088100
0.034600	-38.841202
0.034700	-30.665501
0.034800	-20.577600
0.034900	-13.261100
0.035000	-1.538130
0.035100	-11.113300
0.035200	-23.252001
0.035300	-18.499100
0.035400	-15.090300
0.035500	-7.067070
0.035600	-5.764510
0.035700	-13.912400
0.035800	-11.709200
0.035900	-13.870900
0.036000	-25.261299
0.036100	-29.473801
0.036200	-29.473801
0.036300	-35.058201
0.036400	-43.164600
0.036500	-41.473999
0.036600	-31.510799
0.036700	-25.760201
0.036800	-26.217400
0.036900	-29.723301
0.037000	-32.134399
0.037100	-29.640100
0.037200	-27.727900
0.037300	-29.321400
0.037400	-31.524700
0.037500	-34.393101
0.037600	-28.476101
0.037700	-24.180500
0.037800	-21.298201
0.037900	-5.127090
0.038000	-7.746060
0.038100	-14.688400
0.038200	4.157100
0.038300	-9.339620
0.038400	-35.737202
0.038500	-17.418200
0.038600	-10.877700
0.038700	-22.864000
0.038800	-31.247499
0.038900	-49.635799
0.039000	-47.778900
0.039100	-20.674601
0.039200	-3.630530
0.039300	-18.803900
0.039400	-33.852699
0.039500	-25.524599
0.039600	-32.896500
0.039700	-59.086201
0.039800	-52.254700
0.039900	-16.919399
0.040000	-10.683700
0.040100	-37.095200
0.040200	-47.446400
0.040300	-31.136700
0.040400	-10.517500
0.040500	-3.464250
0.040600	-33.686401
0.040700	-54.818298
0.040800	-30.125099
0.040900	-22.919500
0.041000	-37.968201
0.041100	-33.118198
0.041200	-12.762300
0.041300	-11.958600
0.041400	-23.612301
0.041500	-25.801701
0.041600	-20.937901
0.041700	-3.256390
0.041800	3.616680
0.041900	-15.395100
0.042000	-26.674700
0.042100	-25.205900
0.042200	-18.568399
0.042300	-10.087900
0.042400	-22.614599
0.042500	-46.905899
0.042600	-57.395699
0.042700	-53.058498
0.042800	-39.714199
0.042900	-41.584900
0.043000	-51.645000
0.043100	-37.247601
0.043200	-21.159599
0.043300	-27.381399
0.043400	-36.291500
0.043500	-38.092899
0.043600	-41.473999
0.043700	-35.085899
0.043800	-25.094999
0.043900	-24.277500
0.044000	-22.406799
0.044100	-18.485201
0.044200	-16.586800
0.044300	-11.626000
0.044400	-25.981899
0.044500	-45.076801
0.044600	-30.055799
0.044700	-23.071899
0.044800	-31.205999
0.044900	-36.707199
0.045000	-40.656399
0.045100	-34.933498
0.045200	-25.552299
0.045300	-12.568300
0.045400	-16.822399
0.045500	-29.750999
0.045600	-20.882500
0.045700	-15.616800
0.045800	-32.813400
0.045900	-32.924198
0.046000	-21.422899
0.046100	-30.776400
0.046200	-40.670300
0.046300	-25.427601
0.046400	-15.422800
0.046500	-14.591400
0.046600	-13.524400
0.046700	-30.236000
0.046800	-32.951900
0.046900	-24.041901
0.047000	-49.344799
0.047100	-61.982399
0.047200	-41.099899
0.047300	-28.836399
0.047400	-21.977200
0.047500	-17.418200
0.047600	-17.113400
0.047700	-21.104200
0.047800	-25.496901
0.047900	-31.801800
0.048000	-44.633400
0.048100	-44.827400
0.048200	-37.386200
0.048300	-37.774200
0.048400	-27.353701
0.048500	-23.639999
0.048600	-31.455400
0.048700	-24.526899
0.048800	-21.949499
0.048900	-33.949600
0.049000	-41.487900
0.049100	-37.912800
0.049200	-17.058001
0.049300	-6.582070
0.049400	-17.667700
0.049500	-24.041901
0.049600	-24.346701
0.049700	-19.413700
0.049800	-19.081100
0.049900	-27.644699
0.050000	-24.914900
0.050100	-20.619200
0.050200	-24.790199
0.050300	-31.275200
0.050400	-41.030602
0.050500	-42.305401
0.050600	-41.418598
0.050700	-49.289299
0.050800	-48.222401
0.050900	-47.778900
0.051000	-40.905899
0.051100	-22.365200
0.051200	-32.757900
0.051300	-53.792900
0.051400	-45.700401
0.051500	-32.744099
0.051600	-36.554798
0.051700	-47.695801
0.051800	-41.404701
0.051900	-22.739300
0.052000	-25.011900
0.052100	-33.852699
0.052200	-28.628599
0.052300	-23.778601
0.052400	-20.896400
0.052500	-25.829399
0.052600	-34.268398
0.052700	-32.383801
0.052800	-32.619400
0.052900	-36.111301
0.053000	-38.591702
0.053100	-43.206100
0.053200	-37.206001
0.053300	-29.238300
0.053400	-34.185200
0.053500	-41.432400
0.053600	-43.178398
0.053700	-40.864300
0.053800	-27.395300
0.053900	-10.600600
0.054000	-31.691000
0.054100	-63.672901
0.054200	-51.672798
0.054300	-39.118301
0.054400	-63.520500
0.054500	-74.703102
0.054600	-49.982201
0.054700	-30.222099
0.054800	-38.868900
0.054900	-57.437302
0.055000	-58.809101
0.055100	-32.550098
0.055200	-21.478300
0.055300	-50.744301
0.055400	-58.795300
0.055500	-21.824800
0.055600	-9.270330
0.055700	-32.827202
0.055800	-51.409500
0.055900	-58.642799
0.056000	-47.986801
0.056100	-30.665501
0.056200	-34.393101
0.056300	-42.125301
0.056400	-42.291599
0.056500	-28.074301
0.056600	-13.385900
0.056700	-30.097401
0.056800	-54.513401
0.056900	-57.839100
0.057000	-29.515400
0.057100	-13.288900
0.057200	-40.005199
0.057300	-43.053699
0.057400	-13.704600
0.057500	-8.452770
0.057600	-20.078800
0.057700	-35.681801
0.057800	-41.931301
0.057900	-22.101900
0.058000	-14.591400
0.058100	-36.139099
0.058200	-46.420898
0.058300	-37.497002
0.058400	-32.744099
0.058500	-32.439201
0.058600	-29.653999
0.058700	-29.972700
0.058800	-34.365398
0.058900	-23.376801
0.059000	-17.667700
0.059100	-28.046600
0.059200	-30.998100
0.059300	-25.926399
0.059400	-21.519899
0.059500	-28.143600
0.059600	-37.940498
0.059700	-29.681700
0.059800	-19.150400
0.059900	-20.674601
0.060000	-33.783401
0.060100	-34.905800
0.060200	-20.965599
0.060300	-31.164400
0.060400	-49.705101
0.060500	-32.757900
0.060600	-6.332650
0.060700	-15.048700
0.060800	-43.414001
0.060900	-43.885101
0.061000	-15.422800
0.061100	-14.882400
0.061200	-48.942902
0.061300	-49.344799
0.061400	-10.780700
0.061500	-6.679070
0.061600	-30.000401
0.061700	-43.760399
0.061800	-48.236198
0.061900	-31.150499
0.062000	-22.503799
0.062100	-41.002899
0.062200	-41.612598
0.062300	-24.956499
0.062400	-19.233500
0.062500	-26.009600
0.062600	-43.067600
0.062700	-58.324100
0.062800	-53.668201
0.062900	-44.841301
0.063000	-44.259300
0.063100	-37.566299
0.063200	-26.508400
0.063300	-25.926399
0.063400	-31.926500
0.063500	-34.018902
0.063600	-31.427700
0.063700	-26.896400
0.063800	-28.101999
0.063900	-44.189999
0.064000	-52.310200
0.064100	-44.605701
0.064200	-35.875801
0.064300	-25.358299
0.064400	-28.739401
0.064500	-47.390900
0.064600	-42.693401
0.064700	-25.732401
0.064800	-28.448400
0.064900	-40.628700
0.065000	-49.483299
0.065100	-47.765099
0.065200	-36.374599
0.065300	-32.245201
0.065400	-31.649401
0.065500	-32.397701
0.065600	-26.938000
0.065700	-22.545300
0.065800	-35.293800
0.065900	-35.667900
0.066000	-34.185200
0.066100	-40.019001
0.066200	-31.192101
0.066300	-30.998100
0.066400	-30.873400
0.066500	-31.136700
0.066600	-35.917301
0.066700	-32.605499
0.066800	-35.099800
0.066900	-34.781101
0.067000	-36.665600
0.067100	-37.954300
0.067200	-26.591600
0.067300	-29.473801
0.067400	-32.688702
0.067500	-22.545300
0.067600	-19.275101
0.067700	-19.122700
0.067800	-20.272800
0.067900	-29.986500
0.068000	-36.901199
0.068100	-35.376900
0.068200	-28.794800
0.068300	-24.984200
0.068400	-28.947300
0.068500	-26.633200
0.068600	-22.642300
0.068700	-22.406799
0.068800	-21.062599
0.068900	-24.984200
0.069000	-28.808701
0.069100	-24.970301
0.069200	-21.949499
0.069300	-26.965700
0.069400	-27.520000
0.069500	-18.693100
0.069600	-15.686100
0.069700	-21.353600
0.069800	-24.734699
0.069900	-26.411400
0.070000	-26.328300
0.070100	-22.462200
0.070200	-19.233500
0.070300	-16.836300
0.070400	-18.554501
0.070500	-23.709299
0.070600	-26.771700
0.070700	-24.485300
0.070800	-19.732401
0.070900	-18.845501
0.071000	-20.646900
0.071100	-18.665400
0.071200	-19.178101
0.071300	-24.914900
0.071400	-27.464600
0.071500	-27.769400
0.071600	-26.051201
0.071700	-21.769300
0.071800	-23.085800
0.071900	-23.085800
0.072000	-19.690800
0.072100	-19.912500
0.072200	-20.258900
0.072300	-23.113501
0.072400	-27.339899
0.072500	-24.845600
0.072600	-22.365200
0.072700	-21.436800
0.072800	-16.974800
0.072900	-17.127300
0.073000	-18.956400
0.073100	-17.584499
0.073200	-19.815500
0.073300	-20.314400
0.073400	-12.748400
0.073500	-10.808500
0.073600	-19.025700
0.073700	-25.039600
0.073800	-22.864000
0.073900	-16.351299
0.074000	-11.875400
0.074100	-10.212600
0.074200	-9.755330
0.074300	-14.300400
0.074400	-18.028000
0.074500	-14.660700
0.074600	-12.873200
0.074700	-14.300400
0.074800	-12.720700
0.074900	-13.690700
0.075000	-16.600700
0.075100	-16.476000
0.075200	-15.824700
0.075300	-16.323500
0.075400	-15.395100
0.075500	-14.051000
0.075600	-15.533700
0.075700	-18.360500
0.075800	-15.741600
0.075900	-10.240300
0.076000	-12.097200
0.076100	-19.302799
0.076200	-21.686199
0.076300	-17.196501
0.076400	-15.007100
0.076500	-17.252001
0.076600	-15.810800
0.076700	-14.411300
0.076800	-16.739300
0.076900	-18.803900
0.077000	-18.720800
0.077100	-16.850100
0.077200	-15.312000
0.077300	-16.074100
0.077400	-15.090300
0.077500	-11.723000
0.077600	-15.506000
0.077700	-21.215099
0.077800	-20.910200
0.077900	-19.136499
0.078000	-18.277399
0.078100	-17.501400
0.078200	-16.157301
0.078300	-14.619100
0.078400	-15.436700
0.078500	-17.903200
0.078600	-17.113400
0.078700	-13.718400
0.078800	-13.427400
0.078900	-16.060301
0.079000	-15.603000
0.079100	-13.205700
0.079200	-12.568300
0.079300	-10.087900
0.079400	-7.912350
0.079500	-10.669900
0.079600	-13.025600
0.079700	-11.085600
0.079800	-8.632910
0.079900	-8.120200
0.080000	-6.914640
0.080100	-4.032390
0.080200	-3.478110
0.080300	-8.106340
0.080400	-12.928600
0.080500	-12.318900
0.080600	-7.704490
0.080700	-4.503520
0.080800	-6.443510
0.080900	-8.272630
0.081000	-7.662920
0.081100	-6.789930
0.081200	-6.138650
0.081300	-6.360360
0.081400	-5.625940
0.081500	-3.297970
0.081600	-3.976960
0.081700	-6.485080
0.081800	-4.725240
0.081900	-4.531240
0.082000	-6.748360
0.082100	-4.988520
0.082200	-5.764510
0.082300	-11.501300
0.082400	-12.305000
0.082500	-6.166360
0.082600	-3.020830
0.082700	-5.764510
0.082800	-6.942360
0.082900	-2.840680
0.083000	-1.690550
0.083100	-6.609790
0.083200	-9.658330
0.083300	-5.528940
0.083400	-1.233270
0.083500	-2.535830
0.083600	-3.866100
0.083700	-0.942276
0.083800	1.205560
0.083900	-1.371840
0.084000	-4.919230
0.084100	-5.653660
0.084200	-4.988520
0.084300	-3.561250
0.084400	-1.884550
0.084500	-2.729830
0.084600	-4.946950
0.084700	-4.766810
0.084800	-2.937680
0.084900	-2.799110
0.085000	-3.575110
0.085100	-4.087810
0.085200	-2.896110
0.085300	-1.274840
0.085400	-2.286400
0.085500	-3.769100
0.085600	-2.549690
0.085700	-1.066990
0.085800	-0.069285
0.085900	-0.318711
0.086000	-1.330270
0.086100	-0.637422
0.086200	0.568137
0.086300	0.457281
0.086400	-1.357990
0.086500	-2.397260
0.086600	-1.496560
0.086700	-0.748278
0.086800	-0.193998
0.086900	0.290997
0.087000	-0.235569
0.087100	-0.692850
0.087200	-0.207855
0.087300	-0.775992
0.087400	-1.621270
0.087500	-0.374139
0.087600	1.066990
0.087700	0.498852
0.087800	0.000000
0.087900	0.817563
0.088000	0.734421
0.088100	-0.374139
0.088200	-0.554280
0.088300	-0.083142
0.088400	0.540423
0.088500	0.554280
0.088600	-0.290997
0.088700	-1.551980
0.088800	-1.787550
0.088900	-0.748278
0.089000	-0.138570
0.089100	-0.318711
0.089200	-1.274840
0.089300	-2.133980
0.089400	-1.330270
0.089500	-1.053130
0.089600	-1.316410
0.089700	-1.136270
0.089800	-0.900705
0.089900	-1.080850
0.090000	-1.842980
0.090100	-3.228680
0.090200	-3.159400
0.090300	-0.609708
0.090400	0.831420
0.090500	-0.443424
0.090600	-0.595851
0.090700	0.540423
0.090800	0.457281
0.090900	0.595851
0.091000	0.859134
0.091100	0.997704
0.091200	1.385700
0.091300	1.593560
0.091400	0.512709
0.091500	2.036980
0.091600	3.713680
0.091700	1.260990
0.091800	-0.692850
0.091900	0.138570
0.092000	-0.526566
0.092100	0.429567
0.092200	2.189410
0.092300	1.150130
0.092400	-1.344130
0.092500	-2.646690
0.092600	-1.621270
0.092700	-2.230980
0.092800	-2.979250
0.092900	-0.720564
0.093000	1.870690
0.093100	0.803706
0.093200	-1.884550
0.093300	-1.385700
0.093400	0.387996
0.093500	-0.734421
0.093600	-4.545100
0.093700	-12.180300
0.093800	-22.628500
0.093900	-19.718500
0.094000	-0.457281
0.094100	10.559000
0.094200	5.418090
0.094300	1.039270
0.094400	8.244910
0.094500	15.131800
0.094600	10.794600
0.094700	0.526566
0.094800	-10.683700
0.094900	-9.921610
0.095000	0.415710
0.095100	0.000000
0.095200	1.953840
0.095300	17.002501
0.095400	16.157301
0.095500	-1.579700
0.095600	-7.344210
0.095700	-5.501230
0.095800	-2.120120
0.095900	2.023120
0.096000	-3.020830
0.096100	-8.175630
0.096200	1.912270
0.096300	8.522050
0.096400	0.471138
0.096500	-2.979250
0.096600	2.383400
0.096700	3.339540
0.096800	-0.207855
0.096900	-0.720564
0.097000	-1.330270
0.097100	4.461950
0.097200	8.425060
0.097300	-2.646690
0.097400	-4.046240
0.097500	8.050920
0.097600	10.337300
0.097700	2.217120
0.097800	-6.997780
0.097900	-9.547470
0.098000	-3.893820
0.098100	-0.817563
0.098200	1.468840
0.098300	3.713680
0.098400	2.369550
0.098500	1.066990
0.098600	1.302560
0.098700	0.872991
0.098800	-2.258690
0.098900	-3.727530
0.099000	-2.009270
0.099100	-3.561250
0.099200	-6.776070
0.099300	-7.039360
0.099400	-5.154800
0.099500	0.484995
0.099600	4.323380
0.099700	0.845277
0.099800	-3.131680
0.099900	-6.734500
0.100000	-9.713760
0.100100	-6.097080
0.100200	0.027714
0.100300	1.773700
0.100400	3.131680
0.100500	7.843060
0.100600	9.686040
0.100700	-0.928419
0.100800	1.205560
0.100900	5.681370
0.101000	0.831420
0.101100	6.291080
0.101200	6.360360
0.101300	1.427270
0.101400	3.145540
0.101500	5.016230
0.101600	5.750660
0.101700	7.247210
0.101800	3.173250
0.101900	0.193998
0.102000	-1.538130
0.102100	-1.219420
0.102200	0.027714
0.102300	0.942276
0.102400	1.773700
0.102500	0.706707
0.102600	-0.831420
0.102700	-1.995410
0.102800	-2.050840
0.102900	0.457281
0.103000	-0.956133
0.103100	-6.318790
0.103200	-5.889220
0.103300	-4.281810
0.103400	-5.127090
0.103500	-4.711380
0.103600	-2.826830
0.103700	1.053130
0.103800	0.623565
0.103900	-5.224090
0.104000	-6.914640
0.104100	-5.584370
0.104200	-3.422680
0.104300	0.484995
0.104400	-1.357990
0.104500	-5.681370
0.104600	-5.224090
0.104700	-4.087810
0.104800	-2.771400
0.104900	-1.676700
0.105000	-0.665136
0.105100	1.385700
0.105200	0.484995
0.105300	-2.161690
0.105400	-4.267960
0.105500	-5.265660
0.105600	-3.394970
0.105700	-0.138570
0.105800	1.427270
0.105900	0.637422
0.106000	0.678993
0.106100	1.732120
0.106200	-1.884550
0.106300	-5.251800
0.106400	-4.489670
0.106500	-3.034680
0.106600	-2.397260
0.106700	-1.593560
0.106800	-0.415710
0.106900	0.498852
0.107000	-2.424970
0.107100	-4.905380
0.107200	-2.702120
0.107300	-1.690550
0.107400	-3.602820
0.107500	-0.983847
0.107600	3.588960
0.107700	1.842980
0.107800	-1.967690
0.107900	-1.981550
0.108000	0.207855
0.108100	0.956133
0.108200	-1.718270
0.108300	-3.034680
0.108400	0.706707
0.108500	3.006970
0.108600	0.415710
0.108700	-1.967690
0.108800	-0.831420
0.108900	0.526566
0.109000	-1.053130
0.109100	-1.094700
0.109200	1.939980
0.109300	3.644390
0.109400	2.480400
0.109500	0.152427
0.109600	0.374139
0.109700	2.230980
0.109800	1.939980
0.109900	1.427270
0.110000	2.203260
0.110100	2.258690
0.110200	2.383400
0.110300	2.341830
0.110400	0.304854
0.110500	-0.803706
0.110600	1.829120
0.110700	4.475810
0.110800	4.669810
0.110900	3.769100
0.111000	2.452690
0.111100	0.678993
0.111200	0.013857
0.111300	0.692850
0.111400	1.607410
0.111500	2.092410
0.111600	2.314120
0.111700	2.286400
0.111800	0.526566
0.111900	-1.066990
0.112000	1.205560
0.112100	3.076250
0.112200	1.787550
0.112300	1.593560
0.112400	0.969990
0.112500	-1.288700
0.112600	-0.692850
0.112700	2.147830
0.112800	1.995410
0.112900	0.041571
0.113000	-0.706707
0.113100	0.484995
0.113200	2.605120
0.113300	1.538130
0.113400	0.124713
0.113500	1.856840
0.113600	2.618970
0.113700	0.886848
0.113800	-0.277140
0.113900	0.983847
0.114000	2.549690
0.114100	2.217120
0.114200	0.595851
0.114300	-1.150130
0.114400	-0.831420
0.114500	1.524270
0.114600	1.538130
0.114700	-0.595851
0.114800	-0.221712
0.114900	1.468840
0.115000	1.676700
0.115100	1.219420
0.115200	0.637422
0.115300	1.233270
0.115400	2.244830
0.115500	1.926120
0.115600	1.108560
0.115700	0.290997
0.115800	0.789849
0.115900	2.383400
0.116000	1.801410
0.116100	0.914562
0.116200	1.496560
0.116300	2.106260
0.116400	3.034680
0.116500	2.702120
0.116600	0.886848
0.116700	0.166284
0.116800	1.510410
0.116900	2.646690
0.117000	2.355690
0.117100	3.173250
0.117200	4.032390
0.117300	3.173250
0.117400	2.563540
0.117500	1.482700
0.117600	0.277140
0.117700	0.762135
0.117800	1.621270
0.117900	2.674400
0.118000	3.588960
0.118100	2.812970
0.118200	2.258690
0.118300	3.505820
0.118400	3.713680
0.118500	2.050840
0.118600	1.385700
0.118700	1.565840
0.118800	2.120120
0.118900	1.011560
0.119000	0.152427
0.119100	2.327980
0.119200	3.491960
0.119300	2.120120
0.119400	0.443424
0.119500	-0.803706
0.119600	0.152427
0.119700	1.856840
0.119800	1.912270
0.119900	-0.110856
0.120000	-0.318711
0.120100	1.316410
0.120200	0.595851
0.120300	0.193998
0.120400	1.302560
0.120500	0.859134
0.120600	0.124713
0.120700	0.748278
0.120800	1.191700
0.120900	1.496560
0.121000	1.898410
0.121100	1.316410
0.121200	-0.540423
0.121300	-1.607410
0.121400	0.651279
0.121500	2.646690
0.121600	2.660540
0.121700	2.549690
0.121800	1.413410
0.121900	0.595851
0.122000	0.678993
0.122100	-0.138570
0.122200	0.983847
0.122300	2.092410
0.122400	0.457281
0.122500	0.138570
0.122600	1.011560
0.122700	1.053130
0.122800	1.815270
0.122900	1.718270
0.123000	-0.041571
0.123100	-0.484995
0.123200	1.288700
0.123300	3.131680
0.123400	2.577400
0.123500	1.163990
0.123600	0.471138
0.123700	-0.235569
0.123800	-0.193998
0.123900	0.983847
0.124000	1.482700
0.124100	1.524270
0.124200	1.732120
0.124300	1.593560
0.124400	0.374139
0.124500	-0.083142
0.124600	1.344130
0.124700	1.551980
0.124800	0.207855
0.124900	0.110856
0.125000	0.734421
0.125100	0.859134
0.125200	1.205560
0.125300	1.136270
0.125400	0.152427
0.125500	-0.415710
0.125600	0.235569
0.125700	0.277140
0.125800	0.124713
0.125900	1.205560
0.126000	1.330270
0.126100	0.332568
0.126200	0.263283
0.126300	0.540423
0.126400	0.415710
0.126500	0.762135
0.126600	1.039270
0.126700	0.900705
0.126800	1.108560
0.126900	1.191700
0.127000	1.316410
0.127100	1.399560
0.127200	0.568137
0.127300	0.180141
0.127400	0.789849
0.127500	0.859134
0.127600	0.096999
0.127700	-0.013857
0.127800	0.678993
0.127900	0.997704
0.128000	0.983847
0.128100	1.745980
0.128200	2.036980
0.128300	1.163990
0.128400	0.665136
0.128500	1.163990
0.128600	2.050840
0.128700	2.175550
0.128800	1.842980
0.128900	2.272550
0.129000	2.023120
0.129100	1.274840
0.129200	1.399560
0.129300	1.385700
0.129400	2.161690
0.129500	2.854540
0.129600	2.064690
0.129700	1.538130
0.129800	1.621270
0.129900	2.106260
0.130000	2.688260
0.130100	2.591260
0.130200	1.926120
0.130300	1.233270
0.130400	1.011560
0.130500	2.521970
0.130600	4.018530
0.130700	3.173250
0.130800	2.314120
0.130900	2.937680
0.131000	2.092410
0.131100	0.595851
0.131200	1.829120
0.131300	3.505820
0.131400	2.217120
0.131500	1.468840
0.131600	2.369550
0.131700	2.369550
0.131800	1.344130
0.131900	1.745980
0.132000	2.688260
0.132100	1.759840
0.132200	0.734421
0.132300	1.427270
0.132400	2.743690
0.132500	2.702120
0.132600	1.884550
0.132700	1.829120
0.132800	2.023120
0.132900	1.177850
0.133000	1.163990
0.133100	1.995410
0.133200	2.369550
0.133300	1.815270
0.133400	1.995410
0.133500	2.355690
0.133600	2.424970
0.133700	2.314120
0.133800	0.983847
0.133900	0.069285
0.134000	0.678993
0.134100	0.817563
0.134200	0.471138
0.134300	1.108560
0.134400	1.870690
0.134500	1.759840
0.134600	0.775992
0.134700	0.041571
0.134800	-0.554280
0.134900	-1.427270
0.135000	-1.233270
0.135100	-0.706707
0.135200	-0.734421
0.135300	-0.872991
0.135400	-0.249426
0.135500	0.692850
0.135600	0.969990
0.135700	0.748278
0.135800	0.609708
0.135900	-0.207855
0.136000	-0.651279
0.136100	0.401853
0.136200	1.053130
0.136300	-0.429567
0.136400	-1.524270
0.136500	-0.457281
0.136600	-0.277140
0.136700	-1.205560
0.136800	-1.150130
0.136900	-0.304854
0.137000	-0.013857
0.137100	-0.637422
0.137200	-1.108560
0.137300	-0.138570
0.137400	0.609708
0.137500	-0.498852
0.137600	-0.942276
0.137700	-0.734421
0.137800	-0.775992
0.137900	-0.027714
0.138000	0.263283
0.138100	-0.166284
0.138200	-0.083142
0.138300	-0.526566
0.138400	0.387996
0.138500	3.131680
0.138600	2.286400
0.138700	0.083142
0.138800	0.720564
0.138900	1.316410
0.139000	0.484995
0.139100	0.083142
0.139200	0.332568
0.139300	0.484995
0.139400	-0.845277
0.139500	-2.203260
0.139600	-1.413410
0.139700	-0.041571
0.139800	-0.457281
0.139900	-0.803706
0.140000	-0.332568
0.140100	0.000000
0.140200	0.346425
0.140300	0.872991
0.140400	1.094700
0.140500	0.526566
0.140600	-0.013857
0.140700	-0.304854
0.140800	-0.096999
0.140900	0.748278
0.141000	1.039270
0.141100	0.678993
0.141200	-0.069285
0.141300	-1.136270
0.141400	-1.551980
0.141500	-0.623565
0.141600	-0.401853
0.141700	-1.053130
0.141800	-1.260990
0.141900	-0.956133
0.142000	-0.637422
0.142100	-0.498852
0.142200	-0.277140
0.142300	-0.457281
0.142400	-1.247130
0.142500	-1.344130
0.142600	-1.260990
0.142700	-0.554280
0.142800	0.651279
0.142900	0.734421
0.143000	0.872991
0.143100	1.108560
0.143200	0.332568
0.143300	0.110856
0.143400	0.360282
0.143500	-0.568137
0.143600	-1.607410
0.143700	-0.956133
0.143800	-0.069285
0.143900	-0.069285
0.144000	-0.706707
0.144100	-0.928419
0.144200	-0.914562
0.144300	-0.942276
0.144400	-1.247130
0.144500	-1.344130
0.144600	-0.886848
0.144700	-0.581994
0.144800	-0.692850
0.144900	-1.108560
0.145000	-1.260990
0.145100	-1.205560
0.145200	-1.233270
0.145300	-0.845277
0.145400	-0.969990
0.145500	-1.163990
0.145600	-0.083142
0.145700	0.637422
0.145800	-0.401853
0.145900	-0.803706
0.146000	0.152427
0.146100	-0.360282
0.146200	-0.803706
0.146300	-0.124713
0.146400	-0.651279
0.146500	-1.676700
0.146600	-0.928419
0.146700	0.124713
0.146800	-0.637422
0.146900	-1.565840
0.147000	-0.928419
0.147100	-0.193998
0.147200	-0.180141
0.147300	-0.124713
0.147400	-0.027714
0.147500	0.429567
0.147600	0.318711
0.147700	-0.748278
0.147800	-1.080850
0.147900	-0.471138
0.148000	-0.027714
0.148100	0.360282
0.148200	0.678993
0.148300	0.484995
0.148400	-0.249426
0.148500	-0.083142
0.148600	0.651279
0.148700	0.734421
0.148800	0.166284
0.148900	-0.387996
0.149000	-0.221712
0.149100	0.180141
0.149200	0.096999
0.149300	-0.429567
0.149400	-0.401853
0.149500	-0.457281
0.149600	-0.789849
0.149700	-0.720564
0.149800	-0.512709
0.149900	-0.471138
0.150000	-0.124713
0.150100	0.263283
0.150200	0.374139
0.150300	-0.083142
0.150400	-0.471138
0.150500	0.124713
0.150600	0.180141
0.150700	-0.706707
0.150800	-1.066990
0.150900	-0.678993
0.151000	-0.166284
0.151100	-0.096999
0.151200	-0.290997
0.151300	-0.193998
0.151400	-0.512709
0.151500	-0.595851
0.151600	-0.124713
0.151700	0.221712
0.151800	0.443424
0.151900	0.207855
0.152000	-0.041571
0.152100	0.249426
0.152200	0.221712
0.152300	-0.263283
0.152400	-0.346425
0.152500	0.249426
0.152600	0.859134
0.152700	0.346425
0.152800	-0.318711
0.152900	-0.152427
0.153000	0.290997
0.153100	0.914562
0.153200	0.831420
0.153300	0.748278
0.153400	1.150130
0.153500	1.108560
0.153600	0.859134
0.153700	0.969990
0.153800	0.928419
0.153900	1.205560
0.154000	1.939980
0.154100	1.870690
0.154200	1.080850
0.154300	0.831420
0.154400	0.789849
0.154500	0.859134
0.154600	0.956133
0.154700	0.762135
0.154800	0.651279
0.154900	0.651279
0.155000	0.678993
0.155100	0.886848
0.155200	1.053130
0.155300	0.817563
0.155400	0.387996
0.155500	0.360282
0.155600	0.623565
0.155700	0.623565
0.155800	0.734421
0.155900	1.066990
0.156000	1.094700
0.156100	0.928419
0.156200	0.969990
0.156300	1.122420
0.156400	0.956133
0.156500	0.623565
0.156600	0.457281
0.156700	0.554280
0.156800	0.623565
0.156900	0.526566
0.157000	0.387996
0.157100	0.429567
0.157200	0.249426
0.157300	-0.263283
0.157400	-0.249426
0.157500	0.166284
0.157600	0.554280
0.157700	0.678993
0.157800	0.374139
0.157900	0.180141
0.158000	0.346425
0.158100	0.762135
0.158200	1.274840
0.158300	1.247130
0.158400	0.734421
0.158500	0.581994
0.158600	0.845277
0.158700	1.011560
0.158800	1.053130
0.158900	1.025420
0.159000	0.872991
0.159100	0.872991
0.159200	0.983847
0.159300	0.859134
0.159400	0.845277
0.159500	0.720564
0.159600	0.429567
0.159700	0.000000
0.159800	-0.290997
0.159900	0.083142
0.160000	0.290997
0.160100	-0.110856
0.160200	-0.207855
0.160300	-0.193998
0.160400	0.000000
0.160500	0.166284
0.160600	-0.083142
0.160700	-0.401853
0.160800	-0.401853
0.160900	0.193998
0.161000	0.221712
0.161100	-0.332568
0.161200	-0.221712
0.161300	0.124713
0.161400	-0.221712
0.161500	-0.665136
0.161600	-0.290997
0.161700	0.235569
0.161800	0.138570
0.161900	-0.277140
0.162000	-0.581994
0.162100	-0.207855
0.162200	-0.083142
0.162300	-1.011560
0.162400	-1.205560
0.162500	-0.817563
0.162600	-0.956133
0.162700	-0.942276
0.162800	-0.540423
0.162900	-0.581994
0.163000	-0.665136
0.163100	-0.734421
0.163200	-0.748278
0.163300	-0.415710
0.163400	-0.526566
0.163500	-0.914562
0.163600	-0.651279
0.163700	-0.512709
0.163800	-0.859134
0.163900	-0.969990
0.164000	-0.900705
0.164100	-1.094700
0.164200	-1.690550
0.164300	-1.953840
0.164400	-1.302560
0.164500	-1.025420
0.164600	-1.233270
0.164700	-1.441130
0.164800	-1.441130
0.164900	-1.524270
0.165000	-1.344130
0.165100	-0.942276
0.165200	-0.942276
0.165300	-1.163990
0.165400	-1.344130
0.165500	-1.357990
0.165600	-1.066990
0.165700	-0.872991
0.165800	-1.011560
0.165900	-1.163990
0.166000	-1.413410
0.166100	-1.441130
0.166200	-1.080850
0.166300	-0.942276
0.166400	-0.762135
0.166500	-0.762135
0.166600	-0.956133
0.166700	-0.859134
0.166800	-0.831420
0.166900	-0.859134
0.167000	-0.346425
0.167100	-0.249426
0.167200	-0.429567
0.167300	-0.484995
0.167400	-0.374139
0.167500	-0.346425
0.167600	-0.374139
0.167700	-0.110856
0.167800	0.166284
0.167900	0.471138
0.168000	0.568137
0.168100	0.484995
0.168200	0.665136
0.168300	0.914562
0.168400	0.651279
0.168500	0.581994
0.168600	0.720564
0.168700	1.011560
0.168800	0.942276
0.168900	0.637422
0.169000	0.623565
0.169100	0.831420
0.169200	0.595851
0.169300	0.554280
0.169400	0.734421
0.169500	0.637422
0.169600	0.415710
0.169700	-0.096999
0.169800	-0.124713
0.169900	0.152427
0.170000	0.083142
0.170100	0.069285
0.170200	0.027714
0.170300	-0.332568
0.170400	0.096999
0.170500	0.817563
0.170600	0.886848
0.170700	0.900705
0.170800	0.914562
0.170900	1.011560
0.171000	0.886848
0.171100	0.512709
0.171200	0.734421
0.171300	1.191700
0.171400	0.928419
0.171500	0.457281
0.171600	0.415710
0.171700	0.678993
0.171800	0.471138
0.171900	0.207855
0.172000	0.193998
0.172100	0.180141
0.172200	0.110856
0.172300	0.027714
0.172400	-0.069285
0.172500	0.180141
0.172600	0.235569
0.172700	-0.360282
0.172800	-0.637422
0.172900	-0.290997
0.173000	0.207855
0.173100	0.138570
0.173200	-0.484995
0.173300	-0.471138
0.173400	-0.138570
0.173500	-0.401853
0.173600	-0.678993
0.173700	-0.623565
0.173800	-0.498852
0.173900	-0.609708
0.174000	-0.817563
0.174100	-0.886848
0.174200	-0.762135
0.174300	-0.789849
0.174400	-0.609708
0.174500	-0.457281
0.174600	-0.942276
0.174700	-0.969990
0.174800	-0.637422
0.174900	-0.956133
0.175000	-1.205560
0.175100	-1.053130
0.175200	-0.678993
0.175300	-0.498852
0.175400	-0.789849
0.175500	-1.011560
0.175600	-1.025420
0.175700	-0.734421
0.175800	-0.651279
0.175900	-0.817563
0.176000	-0.886848
0.176100	-0.859134
0.176200	-0.554280
0.176300	-0.498852
0.176400	-0.706707
0.176500	-0.360282
0.176600	-0.484995
0.176700	-0.623565
0.176800	-0.554280
0.176900	-0.415710
0.177000	-0.180141
0.177100	-0.124713
0.177200	-0.457281
0.177300	-0.429567
0.177400	-0.415710
0.177500	-0.429567
0.177600	-0.166284
0.177700	-0.346425
0.177800	-0.512709
0.177900	-0.124713
0.178000	-0.096999
0.178100	-0.554280
0.178200	-0.651279
0.178300	-0.581994
0.178400	-0.595851
0.178500	-0.318711
0.178600	-0.110856
0.178700	0.055428
0.178800	0.013857
0.178900	-0.304854
0.179000	-0.651279
0.179100	-0.526566
0.179200	-0.277140
0.179300	-0.152427
0.179400	-0.138570
0.179500	-0.332568
0.179600	-0.415710
0.179700	-0.166284
0.179800	-0.027714
0.179900	0.110856
0.180000	0.207855
0.180100	0.069285
0.180200	-0.152427
0.180300	-0.013857
0.180400	0.235569
0.180500	0.429567
0.180600	0.526566
0.180700	0.568137
0.180800	0.484995
0.180900	0.290997
0.181000	0.332568
0.181100	0.651279
0.181200	0.415710
0.181300	0.180141
0.181400	0.055428
0.181500	-0.055428
0.181600	0.110856
0.181700	0.249426
0.181800	0.207855
0.181900	0.152427
0.182000	0.124713
0.182100	0.374139
0.182200	0.277140
0.182300	-0.013857
0.182400	-0.083142
0.182500	0.249426
0.182600	0.318711
0.182700	0.235569
0.182800	0.263283
0.182900	0.471138
0.183000	0.429567
0.183100	0.360282
0.183200	0.415710
0.183300	0.484995
0.183400	0.706707
0.183500	0.831420
0.183600	0.928419
0.183700	0.914562
0.183800	0.484995
0.183900	0.526566
0.184000	1.122420
0.184100	0.789849
0.184200	0.401853
0.184300	0.263283
0.184400	0.013857
0.184500	-0.096999
0.184600	-0.013857
0.184700	0.069285
0.184800	0.318711
0.184900	0.581994
0.185000	0.540423
0.185100	0.706707
0.185200	0.997704
0.185300	0.928419
0.185400	0.928419
0.185500	0.956133
0.185600	0.886848
0.185700	0.803706
0.185800	0.498852
0.185900	0.415710
0.186000	0.581994
0.186100	0.678993
0.186200	0.581994
0.186300	0.651279
0.186400	0.872991
0.186500	0.748278
0.186600	0.498852
0.186700	0.457281
0.186800	0.595851
0.186900	0.595851
0.187000	0.346425
0.187100	0.221712
0.187200	0.138570
0.187300	-0.041571
0.187400	-0.013857
0.187500	0.152427
0.187600	-0.041571
0.187700	-0.096999
0.187800	0.110856
0.187900	0.221712
0.188000	0.263283
0.188100	0.304854
0.188200	0.290997
0.188300	0.318711
0.188400	0.263283
0.188500	0.138570
0.188600	0.235569
0.188700	0.277140
0.188800	0.277140
0.188900	0.249426
0.189000	0.193998
0.189100	0.193998
0.189200	0.415710
0.189300	0.512709
0.189400	0.540423
0.189500	0.720564
0.189600	0.817563
0.189700	0.678993
0.189800	0.318711
0.189900	0.027714
0.190000	0.013857
0.190100	-0.055428
0.190200	-0.055428
0.190300	0.193998
0.190400	0.193998
0.190500	-0.027714
0.190600	0.055428
0.190700	0.290997
0.190800	-0.027714
0.190900	-0.180141
0.191000	-0.166284
0.191100	-0.152427
0.191200	-0.055428
0.191300	0.083142
0.191400	0.457281
0.191500	0.692850
0.191600	0.845277
0.191700	0.803706
0.191800	0.471138
0.191900	0.124713
0.192000	0.180141
0.192100	0.401853
0.192200	0.041571
0.192300	-0.013857
0.192400	0.290997
0.192500	0.554280
0.192600	0.775992
0.192700	0.983847
0.192800	0.817563
0.192900	0.831420
0.193000	1.219420
0.193100	1.066990
0.193200	0.651279
0.193300	0.595851
0.193400	0.623565
0.193500	0.623565
0.193600	0.568137
0.193700	0.831420
0.193800	1.025420
0.193900	0.720564
0.194000	0.484995
0.194100	0.540423
0.194200	0.720564
0.194300	0.997704
0.194400	0.983847
0.194500	0.775992
0.194600	0.692850
0.194700	0.609708
0.194800	0.457281
0.194900	0.540423
0.195000	0.595851
0.195100	0.290997
0.195200	0.027714
0.195300	0.027714
0.195400	0.221712
0.195500	0.595851
0.195600	0.387996
0.195700	0.000000
0.195800	0.110856
0.195900	0.124713
0.196000	-0.013857
0.196100	-0.346425
0.196200	-0.360282
0.196300	-0.249426
0.196400	-0.568137
0.196500	-0.859134
0.196600	-0.554280
0.196700	-0.138570
0.196800	0.013857
0.196900	-0.096999
0.197000	-0.263283
0.197100	0.000000
0.197200	0.332568
0.197300	0.318711
0.197400	0.221712
0.197500	0.096999
0.197600	0.138570
0.197700	0.249426
0.197800	0.096999
0.197900	-0.096999
0.198000	-0.013857
0.198100	-0.055428
0.198200	-0.263283
0.198300	-0.374139
0.198400	-0.166284
0.198500	-0.055428
0.198600	-0.249426
0.198700	-0.471138
0.198800	-0.249426
0.198900	0.013857
0.199000	0.027714
0.199100	0.000000
0.199200	0.013857
0.199300	0.096999
0.199400	-0.041571
0.199500	-0.290997
0.199600	-0.318711
0.199700	0.152427
0.199800	0.180141
0.199900	-0.027714
0.200000	-0.221712
0.200100	0.055428
0.200200	0.083142
0.200300	-0.526566
0.200400	-0.969990
0.200500	-0.734421
0.200600	-0.374139
0.200700	-0.263283
0.200800	-0.401853
0.200900	-0.180141
0.201000	0.096999
0.201100	-0.096999
0.201200	-0.041571
0.201300	0.374139
0.201400	0.346425
0.201500	0.180141
0.201600	-0.096999
0.201700	-0.249426
0.201800	-0.083142
0.201900	-0.110856
0.202000	-0.207855
0.202100	0.069285
0.202200	0.027714
0.202300	-0.429567
0.202400	-0.568137
0.202500	-0.318711
0.202600	-0.138570
0.202700	-0.207855
0.202800	-0.526566
0.202900	-0.554280
0.203000	-0.581994
0.203100	-0.789849
0.203200	-0.789849
0.203300	-0.235569
0.203400	-0.221712
0.203500	-0.290997
0.203600	-0.083142
0.203700	0.180141
0.203800	0.207855
0.203900	-0.138570
0.204000	-0.277140
0.204100	-0.277140
0.204200	-0.304854
0.204300	-0.110856
0.204400	0.138570
0.204500	0.027714
0.204600	-0.207855
0.204700	-0.304854
0.204800	-0.277140
0.204900	-0.207855
0.205000	-0.332568
0.205100	-0.221712
0.205200	-0.180141
0.205300	-0.110856
0.205400	-0.193998
0.205500	-0.429567
0.205600	-0.290997
0.205700	0.027714
0.205800	-0.027714
0.205900	-0.207855
0.206000	-0.152427
0.206100	-0.166284
0.206200	-0.221712
0.206300	-0.401853
0.206400	-0.484995
0.206500	-0.166284
0.206600	-0.013857
0.206700	-0.401853
0.206800	-0.457281
0.206900	-0.083142
0.207000	0.013857
0.207100	-0.152427
0.207200	-0.277140
0.207300	0.000000
0.207400	0.290997
0.207500	0.138570
0.207600	-0.083142
0.207700	-0.374139
0.207800	-0.332568
0.207900	-0.124713
0.208000	-0.041571
0.208100	-0.138570
0.208200	-0.484995
0.208300	-0.277140
0.208400	-0.041571
0.208500	-0.762135
0.208600	-0.748278
0.208700	-0.069285
0.208800	0.138570
0.208900	-0.138570
0.209000	-0.193998
0.209100	-0.180141
0.209200	-0.041571
0.209300	0.027714
0.209400	-0.166284
0.209500	-0.069285
0.209600	0.235569
0.209700	0.124713
0.209800	0.110856
0.209900	0.069285
0.210000	-0.055428
0.210100	0.207855
0.210200	0.207855
0.210300	-0.041571
0.210400	-0.249426
0.210500	-0.360282
0.210600	-0.138570
0.210700	0.249426
0.210800	0.360282
0.210900	-0.083142
0.211000	-0.221712
0.211100	-0.124713
0.211200	-0.277140
0.211300	-0.360282
0.211400	-0.249426
0.211500	-0.041571
0.211600	0.041571
0.211700	-0.166284
0.211800	-0.207855
0.211900	0.124713
0.212000	0.263283
0.212100	0.235569
0.212200	-0.124713
0.212300	-0.304854
0.212400	-0.318711
0.212500	-0.346425
0.212600	-0.069285
0.212700	0.207855
0.212800	0.069285
0.212900	-0.055428
0.213000	-0.041571
0.213100	-0.083142
0.213200	0.069285
0.213300	0.263283
0.213400	0.263283
0.213500	0.041571
0.213600	-0.124713
0.213700	0.041571
0.213800	0.110856
0.213900	0.110856
0.214000	0.096999
0.214100	0.124713
0.214200	0.124713
0.214300	-0.013857
0.214400	-0.166284
0.214500	-0.138570
0.214600	-0.013857
0.214700	0.041571
0.214800	-0.069285
0.214900	-0.124713
0.215000	-0.013857
0.215100	-0.027714
0.215200	-0.166284
0.215300	-0.166284
0.215400	0.166284
0.215500	0.471138
0.215600	0.221712
0.215700	-0.096999
0.215800	-0.193998
0.215900	-0.027714
0.216000	0.263283
0.216100	0.166284
0.216200	0.055428
0.216300	0.221712
0.216400	0.318711
0.216500	0.277140
0.216600	0.083142
0.216700	0.193998
0.216800	0.429567
0.216900	0.387996
0.217000	0.069285
0.217100	0.096999
0.217200	0.346425
0.217300	0.221712
0.217400	0.249426
0.217500	0.346425
0.217600	0.415710
0.217700	0.374139
0.217800	0.277140
0.217900	0.374139
0.218000	0.526566
0.218100	0.554280
0.218200	0.512709
0.218300	0.623565
0.218400	0.706707
0.218500	0.512709
0.218600	0.318711
0.218700	0.346425
0.218800	0.346425
0.218900	0.415710
0.219000	0.498852
0.219100	0.443424
0.219200	0.346425
0.219300	0.360282
0.219400	0.290997
0.219500	0.346425
0.219600	0.193998
0.219700	0.069285
0.219800	0.304854
0.219900	0.318711
0.220000	0.069285
0.220100	-0.013857
0.220200	-0.027714
0.220300	0.110856
0.220400	0.193998
0.220500	0.346425
0.220600	0.374139
0.220700	0.263283
0.220800	0.055428
0.220900	0.138570
0.221000	0.152427
0.221100	0.180141
0.221200	0.277140
0.221300	0.249426
0.221400	0.249426
0.221500	0.166284
0.221600	0.069285
0.221700	0.083142
0.221800	0.152427
0.221900	0.193998
0.222000	0.152427
0.222100	0.124713
0.222200	0.000000
0.222300	-0.152427
0.222400	-0.138570
0.222500	0.110856
0.222600	0.263283
0.222700	0.263283
0.222800	0.207855
0.222900	0.069285
0.223000	0.027714
0.223100	0.193998
0.223200	0.263283
0.223300	0.207855
0.223400	0.221712
0.223500	0.346425
0.223600	0.235569
0.223700	0.318711
0.223800	0.512709
0.223900	0.498852
0.224000	0.277140
0.224100	0.096999
0.224200	0.193998
0.224300	0.277140
0.224400	0.346425
0.224500	0.304854
0.224600	0.235569
0.224700	0.096999
0.224800	0.013857
0.224900	0.166284
0.225000	0.249426
0.225100	0.277140
0.225200	0.290997
0.225300	0.457281
0.225400	0.554280
0.225500	0.346425
0.225600	-0.041571
0.225700	0.013857
0.225800	0.304854
0.225900	0.360282
0.226000	0.235569
0.226100	0.290997
0.226200	0.318711
0.226300	0.083142
0.226400	0.096999
0.226500	0.290997
0.226600	0.374139
0.226700	0.360282
0.226800	0.318711
0.226900	0.249426
0.227000	0.221712
0.227100	0.041571
0.227200	0.041571
0.227300	0.207855
0.227400	0.235569
0.227500	0.221712
0.227600	0.235569
0.227700	0.207855
0.227800	0.166284
0.227900	0.096999
0.228000	0.221712
0.228100	0.207855
0.228200	0.110856
0.228300	0.152427
0.228400	0.138570
0.228500	0.096999
0.228600	0.124713
0.228700	0.166284
0.228800	0.166284
0.228900	0.096999
0.229000	-0.027714
0.229100	0.055428
0.229200	0.041571
0.229300	-0.027714
0.229400	-0.027714
0.229500	-0.083142
0.229600	-0.069285
0.229700	0.000000
0.229800	0.013857
0.229900	-0.055428
0.230000	-0.041571
0.230100	0.027714
0.230200	0.055428
0.230300	0.055428
0.230400	0.041571
0.230500	-0.041571
0.230600	0.027714
0.230700	0.083142
0.230800	0.096999
0.230900	0.000000
0.231000	-0.096999
0.231100	-0.041571
0.231200	0.013857
0.231300	-0.055428
0.231400	-0.041571
0.231500	-0.069285
0.231600	-0.110856
0.231700	-0.193998
0.231800	-0.221712
0.231900	-0.207855
0.232000	-0.235569
0.232100	-0.221712
0.232200	-0.096999
0.232300	-0.041571
0.232400	-0.083142
0.232500	-0.083142
0.232600	-0.110856
0.232700	-0.166284
0.232800	-0.180141
0.232900	-0.193998
0.233000	-0.263283
0.233100	-0.207855
0.233200	-0.069285
0.233300	-0.055428
0.233400	-0.083142
0.233500	0.013857
0.233600	-0.069285
0.233700	-0.027714
0.233800	-0.041571
0.233900	-0.124713
0.234000	-0.138570
0.234100	-0.110856
0.234200	-0.083142
0.234300	-0.069285
0.234400	-0.096999
0.234500	-0.138570
0.234600	-0.013857
0.234700	-0.180141
0.234800	-0.138570
0.234900	-0.083142
0.235000	-0.124713
0.235100	-0.193998
0.235200	-0.180141
0.235300	-0.110856
0.235400	-0.180141
0.235500	-0.138570
0.235600	-0.207855
0.235700	-0.193998
0.235800	-0.235569
0.235900	-0.374139
0.236000	-0.290997
0.236100	-0.235569
0.236200	-0.332568
0.236300	-0.415710
0.236400	-0.429567
0.236500	-0.401853
0.236600	-0.318711
0.236700	-0.443424
0.236800	-0.526566
0.236900	-0.429567
0.237000	-0.387996
0.237100	-0.512709
0.237200	-0.512709
0.237300	-0.360282
0.237400	-0.249426
0.237500	-0.318711
0.237600	-0.429567
0.237700	-0.387996
0.237800	-0.318711
0.237900	-0.360282
0.238000	-0.429567
0.238100	-0.235569
0.238200	-0.110856
0.238300	-0.193998
0.238400	-0.166284
0.238500	-0.290997
0.238600	-0.304854
0.238700	-0.277140
0.238800	-0.207855
0.238900	-0.249426
0.239000	-0.290997
0.239100	-0.249426
0.239200	-0.263283
0.239300	-0.235569
0.239400	-0.263283
0.239500	-0.221712
0.239600	-0.263283
0.239700	-0.290997
0.239800	-0.221712
0.239900	-0.207855
0.240000	-0.180141
0.240100	-0.290997
0.240200	-0.332568
0.240300	-0.374139
0.240400	-0.401853
0.240500	-0.290997
0.240600	-0.277140
0.240700	-0.304854
0.240800	-0.346425
0.240900	-0.249426
0.241000	-0.263283
0.241100	-0.193998
0.241200	-0.124713
0.241300	-0.138570
0.241400	-0.207855
0.241500	-0.207855
0.241600	-0.152427
0.241700	-0.124713
0.241800	-0.055428
0.241900	-0.166284
0.242000	-0.235569
0.242100	-0.332568
0.242200	-0.249426
0.242300	-0.221712
0.242400	-0.221712
0.242500	-0.304854
0.242600	-0.332568
0.242700	-0.304854
0.242800	-0.290997
0.242900	-0.207855
0.243000	-0.124713
0.243100	-0.138570
0.243200	-0.166284
0.243300	-0.207855
0.243400	-0.096999
0.243500	-0.013857
0.243600	-0.013857
0.243700	-0.069285
0.243800	-0.138570
0.243900	-0.096999
0.244000	-0.124713
0.244100	-0.096999
0.244200	0.000000
0.244300	-0.083142
0.244400	-0.096999
0.244500	-0.180141
0.244600	-0.069285
0.244700	-0.166284
0.244800	-0.360282
0.244900	-0.568137
0.245000	-0.831420
0.245100	-0.581994
0.245200	-0.318711
0.245300	-0.069285
0.245400	0.138570
0.245500	0.387996
0.245600	0.484995
0.245700	0.429567
0.245800	0.193998
0.245900	-0.027714
0.246000	0.041571
0.246100	0.235569
0.246200	0.221712
0.246300	0.041571
0.246400	0.235569
0.246500	0.374139
0.246600	0.124713
0.246700	-0.083142
0.246800	-0.138570
0.246900	0.027714
0.247000	0.083142
0.247100	0.124713
0.247200	-0.083142
0.247300	-0.124713
0.247400	0.000000
0.247500	-0.138570
0.247600	-0.193998
0.247700	-0.055428
0.247800	0.152427
0.247900	0.277140
0.248000	0.138570
0.248100	0.041571
0.248200	-0.013857
0.248300	0.193998
0.248400	0.263283
0.248500	0.041571
0.248600	0.083142
0.248700	0.180141
0.248800	0.000000
0.248900	-0.138570
0.249000	-0.277140
0.249100	-0.318711
0.249200	-0.235569
0.249300	-0.401853
0.249400	-0.429567
0.249500	-0.221712
0.249600	-0.069285
0.249700	-0.013857
0.249800	0.013857
0.249900	0.069285
0.250000	0.027714
0.250100	0.069285
0.250200	0.152427
0.250300	0.152427
0.250400	-0.083142
0.250500	0.083142
0.250600	0.193998
0.250700	0.193998
0.250800	0.138570
0.250900	0.290997
0.251000	0.318711
0.251100	0.138570
0.251200	-0.096999
0.251300	-0.180141
0.251400	0.013857
0.251500	0.152427
0.251600	0.124713
0.251700	0.000000
0.251800	0.152427
0.251900	0.249426
0.252000	0.096999
0.252100	-0.027714
0.252200	0.110856
0.252300	0.166284
0.252400	0.083142
0.252500	0.041571
0.252600	0.166284
0.252700	0.415710
0.252800	0.360282
0.252900	0.166284
0.253000	0.055428
0.253100	0.110856
0.253200	0.152427
0.253300	0.055428
0.253400	-0.027714
0.253500	-0.083142
0.253600	-0.069285
0.253700	-0.152427
0.253800	-0.304854
0.253900	-0.318711
0.254000	-0.166284
0.254100	0.013857
0.254200	0.013857
0.254300	0.110856
0.254400	0.207855
0.254500	0.249426
0.254600	0.180141
0.254700	0.069285
0.254800	0.083142
0.254900	0.180141
0.255000	0.235569
0.255100	0.457281
0.255200	0.429567
0.255300	0.304854
0.255400	0.387996
0.255500	0.443424
0.255600	0.318711
0.255700	0.221712
0.255800	0.152427
0.255900	0.277140
0.256000	0.221712
0.256100	0.152427
0.256200	0.152427
0.256300	0.193998
0.256400	0.096999
0.256500	-0.013857
0.256600	0.041571
0.256700	-0.013857
0.256800	0.096999
0.256900	0.221712
0.257000	0.277140
0.257100	0.263283
0.257200	0.290997
0.257300	0.263283
0.257400	0.263283
0.257500	0.263283
0.257600	0.304854
0.257700	0.193998
0.257800	0.083142
0.257900	0.055428
0.258000	0.013857
0.258100	-0.138570
0.258200	-0.110856
0.258300	0.000000
0.258400	0.124713
0.258500	0.166284
0.258600	0.083142
0.258700	0.069285
0.258800	0.152427
0.258900	0.180141
0.259000	0.180141
0.259100	0.096999
0.259200	0.069285
0.259300	0.221712
0.259400	0.332568
0.259500	0.443424
0.259600	0.484995
0.259700	0.471138
0.259800	0.484995
0.259900	0.443424
0.260000	0.332568
0.260100	0.290997
0.260200	0.221712
0.260300	0.401853
0.260400	0.443424
0.260500	0.290997
0.260600	0.152427
0.260700	0.304854
0.260800	0.429567
0.260900	0.374139
0.261000	0.290997
0.261100	0.332568
0.261200	0.374139
0.261300	0.332568
0.261400	0.290997
0.261500	0.277140
0.261600	0.346425
0.261700	0.374139
0.261800	0.346425
0.261900	0.235569
0.262000	0.304854
0.262100	0.318711
0.262200	0.346425
0.262300	0.318711
0.262400	0.374139
0.262500	0.277140
0.262600	0.304854
0.262700	0.318711
0.262800	0.346425
0.262900	0.346425
0.263000	0.263283
0.263100	0.207855
0.263200	0.055428
0.263300	0.041571
0.263400	0.138570
0.263500	0.221712
0.263600	0.235569
0.263700	0.290997
0.263800	0.277140
0.263900	0.360282
0.264000	0.401853
0.264100	0.304854
0.264200	0.249426
0.264300	0.277140
0.264400	0.290997
0.264500	0.152427
0.264600	0.124713
0.264700	0.332568
0.264800	0.360282
0.264900	0.346425
0.265000	0.318711
0.265100	0.401853
0.265200	0.401853
0.265300	0.374139
0.265400	0.443424
0.265500	0.498852
0.265600	0.581994
0.265700	0.443424
0.265800	0.387996
0.265900	0.457281
0.266000	0.484995
0.266100	0.526566
0.266200	0.484995
0.266300	0.443424
0.266400	0.374139
0.266500	0.401853
0.266600	0.512709
0.266700	0.568137
0.266800	0.471138
0.266900	0.374139
0.267000	0.429567
0.267100	0.457281
0.267200	0.484995
0.267300	0.526566
0.267400	0.568137
0.267500	0.581994
0.267600	0.568137
0.267700	0.387996
0.267800	0.526566
0.267900	0.692850
0.268000	0.748278
0.268100	0.831420
0.268200	0.304854
0.268300	0.637422
0.268400	1.302560
0.268500	0.055428
0.268600	0.554280
0.268700	1.025420
0.268800	-0.498852
0.268900	0.318711
0.269000	1.066990
0.269100	0.443424
0.269200	0.484995
0.269300	0.512709
0.269400	0.110856
0.269500	0.734421
0.269600	0.706707
0.269700	0.540423
0.269800	0.900705
0.269900	0.803706
0.270000	0.692850
0.270100	0.886848
0.270200	0.775992
0.270300	0.928419
0.270400	0.734421
0.270500	0.595851
0.270600	0.789849
0.270700	0.429567
0.270800	0.221712
0.270900	0.609708
0.271000	0.526566
0.271100	0.304854
0.271200	0.318711
0.271300	0.346425
0.271400	0.401853
0.271500	0.457281
0.271600	0.401853
0.271700	0.401853
0.271800	0.540423
0.271900	0.512709
0.272000	0.304854
0.272100	0.374139
0.272200	0.443424
0.272300	0.304854
0.272400	0.290997
0.272500	0.401853
0.272600	0.457281
0.272700	0.290997
0.272800	0.180141
0.272900	0.124713
0.273000	0.083142
0.273100	0.027714
0.273200	0.110856
0.273300	0.304854
0.273400	0.290997
0.273500	0.096999
0.273600	0.138570
0.273700	0.401853
0.273800	0.332568
0.273900	0.290997
0.274000	0.387996
0.274100	0.221712
0.274200	0.263283
0.274300	0.360282
0.274400	0.318711
0.274500	0.263283
0.274600	0.124713
0.274700	0.249426
0.274800	0.318711
0.274900	0.193998
0.275000	0.124713
0.275100	0.110856
0.275200	0.041571
0.275300	0.180141
0.275400	0.013857
0.275500	-0.207855
0.275600	-0.110856
0.275700	0.013857
0.275800	0.138570
0.275900	0.290997
0.276000	0.346425
0.276100	0.595851
0.276200	0.831420
0.276300	0.665136
0.276400	0.360282
0.276500	0.277140
0.276600	0.346425
0.276700	0.429567
0.276800	0.235569
0.276900	0.277140
0.277000	0.498852
0.277100	0.581994
0.277200	0.429567
0.277300	0.235569
0.277400	0.221712
0.277500	0.401853
0.277600	0.290997
0.277700	0.180141
0.277800	0.304854
0.277900	0.277140
0.278000	0.318711
0.278100	0.290997
0.278200	0.387996
0.278300	0.665136
0.278400	0.304854
0.278500	0.304854
0.278600	0.498852
0.278700	0.277140
0.278800	0.138570
0.278900	0.138570
0.279000	-0.124713
0.279100	-0.429567
0.279200	-0.374139
0.279300	-0.235569
0.279400	-0.110856
0.279500	-0.193998
0.279600	-0.124713
0.279700	-0.041571
0.279800	-0.069285
0.279900	-0.277140
0.280000	0.000000
0.280100	0.318711
0.280200	0.221712
0.280300	0.235569
0.280400	0.207855
0.280500	-0.041571
0.280600	0.013857
0.280700	0.290997
0.280800	0.110856
0.280900	-0.429567
0.281000	-0.471138
0.281100	-0.069285
0.281200	0.221712
0.281300	-0.207855
0.281400	-0.263283
0.281500	0.207855
0.281600	-0.152427
0.281700	-0.221712
0.281800	-0.083142
0.281900	-0.318711
0.282000	-0.138570
0.282100	0.360282
0.282200	0.152427
0.282300	-0.166284
0.282400	0.193998
0.282500	0.526566
0.282600	0.152427
0.282700	-0.083142
0.282800	0.083142
0.282900	0.152427
0.283000	0.166284
0.283100	0.180141
0.283200	0.041571
0.283300	-0.096999
0.283400	0.055428
0.283500	0.069285
0.283600	0.069285
0.283700	0.166284
0.283800	0.069285
0.283900	0.027714
0.284000	0.152427
0.284100	-0.055428
0.284200	-0.180141
0.284300	0.069285
0.284400	-0.069285
0.284500	-0.401853
0.284600	-0.152427
0.284700	0.069285
0.284800	0.083142
0.284900	0.124713
0.285000	-0.013857
0.285100	-0.263283
0.285200	-0.138570
0.285300	-0.013857
0.285400	0.013857
0.285500	-0.124713
0.285600	-0.110856
0.285700	0.055428
0.285800	-0.193998
0.285900	-0.138570
0.286000	-0.055428
0.286100	-0.152427
0.286200	-0.193998
0.286300	-0.166284
0.286400	-0.069285
0.286500	0.180141
0.286600	0.166284
0.286700	-0.332568
0.286800	-0.415710
0.286900	-0.346425
0.287000	-0.346425
0.287100	-0.166284
0.287200	-0.332568
0.287300	-0.609708
0.287400	-0.346425
0.287500	-0.457281
0.287600	-0.526566
0.287700	-0.152427
0.287800	-0.249426
0.287900	-0.290997
0.288000	-0.152427
0.288100	-0.318711
0.288200	-0.290997
0.288300	-0.124713
0.288400	-0.069285
0.288500	-0.332568
0.288600	-0.775992
0.288700	-0.762135
0.288800	-0.069285
0.288900	-0.124713
0.289000	-0.637422
0.289100	-0.152427
0.289200	0.013857
0.289300	-0.346425
0.289400	-0.290997
0.289500	-0.221712
0.289600	-0.401853
0.289700	-0.207855
0.289800	-0.263283
0.289900	-0.498852
0.290000	-0.415710
0.290100	-0.069285
0.290200	-0.083142
0.290300	-0.360282
0.290400	-0.249426
0.290500	-0.096999
0.290600	-0.193998
0.290700	-0.221712
0.290800	-0.166284
0.290900	-0.207855
0.291000	-0.346425
0.291100	-0.387996
0.291200	-0.374139
0.291300	-0.277140
0.291400	-0.124713
0.291500	-0.332568
0.291600	-0.498852
0.291700	-0.498852
0.291800	-0.360282
0.291900	-0.166284
0.292000	-0.166284
0.292100	-0.387996
0.292200	-0.387996
0.292300	0.013857
0.292400	-0.055428
0.292500	-0.290997
0.292600	-0.207855
0.292700	-0.249426
0.292800	-0.332568
0.292900	-0.360282
0.293000	-0.401853
0.293100	-0.207855
0.293200	-0.263283
0.293300	-0.374139
0.293400	-0.332568
0.293500	-0.415710
0.293600	-0.346425
0.293700	-0.138570
0.293800	-0.290997
0.293900	-0.457281
0.294000	-0.263283
0.294100	-0.138570
0.294200	-0.235569
0.294300	-0.304854
0.294400	-0.318711
0.294500	-0.457281
0.294600	-0.346425
0.294700	-0.235569
0.294800	-0.277140
0.294900	-0.374139
0.295000	-0.387996
0.295100	-0.318711
0.295200	-0.235569
0.295300	-0.124713
0.295400	-0.249426
0.295500	-0.374139
0.295600	-0.207855
0.295700	-0.013857
0.295800	-0.013857
0.295900	-0.207855
0.296000	-0.249426
0.296100	-0.096999
0.296200	-0.083142
0.296300	-0.290997
0.296400	-0.360282
0.296500	-0.180141
0.296600	-0.027714
0.296700	-0.027714
0.296800	-0.138570
0.296900	-0.138570
0.297000	-0.124713
0.297100	0.055428
0.297200	0.221712
0.297300	-0.013857
0.297400	-0.096999
0.297500	0.041571
0.297600	-0.013857
0.297700	-0.055428
0.297800	0.000000
0.297900	0.083142
0.298000	0.207855
0.298100	0.041571
0.298200	-0.124713
0.298300	-0.096999
0.298400	0.041571
0.298500	0.083142
0.298600	0.055428
0.298700	-0.027714
0.298800	-0.110856
0.298900	0.013857
0.299000	-0.027714
0.299100	-0.096999
0.299200	0.000000
0.299300	-0.069285
0.299400	-0.041571
0.299500	-0.013857
0.299600	0.055428
0.299700	0.041571
0.299800	0.041571
0.299900	0.000000
